epoch batch train_cost
0 0 2.19956
0 150 0.716363
0 300 0.454957
0 450 0.381741
0 600 0.337292
0 750 0.302876
0 900 0.291039
0 1050 0.271543
0 1200 0.25895
0 1350 0.250125
0 1500 0.244802
0 1650 0.241261
0 1800 0.234652
0 1950 0.231426
0 2100 0.224683
0 2250 0.232152
0 2400 0.238047
0 2550 0.233852
0 2700 0.22538
0 2850 0.230987
0 3000 0.208516
0 3150 0.242806
0 3300 0.252961
0 3450 0.237576
0 3600 0.222834
0 3750 0.235177
0 3900 0.517225
0 4050 0.252276
0 4200 0.333974
0 4350 0.240106
0 4500 0.306968
0 4650 0.262157
0 4800 0.249773
0 4950 0.251435
1 0 0.243353
1 150 0.238189
1 300 0.225759
1 450 0.227918
1 600 0.224675
1 750 0.226221
1 900 0.223781
1 1050 0.234624
1 1200 0.222059
1 1350 0.232783
1 1500 0.234791
1 1650 0.224742
1 1800 0.22239
1 1950 0.223543
1 2100 0.222225
1 2250 0.219548
1 2400 0.212953
1 2550 0.213965
1 2700 0.21329
1 2850 0.210666
1 3000 0.201919
1 3150 0.213838
1 3300 0.206515
1 3450 0.21057
1 3600 0.208767
1 3750 0.216978
1 3900 0.204638
1 4050 0.208412
1 4200 0.205275
1 4350 0.199422
1 4500 0.208496
1 4650 0.205584
1 4800 0.196687
1 4950 0.194329
2 0 0.197591
2 150 0.204825
2 300 0.194907
2 450 0.189255
2 600 0.20826
2 750 0.230377
2 900 0.235068
2 1050 0.227298
2 1200 0.366768
2 1350 0.279811
2 1500 0.223955
2 1650 0.369405
2 1800 0.27893
2 1950 0.236624
2 2100 0.196923
2 2250 0.227295
2 2400 0.234787
2 2550 0.276103
2 2700 0.293746
2 2850 0.295399
2 3000 1.58808
2 3150 0.200231
2 3300 0.214097
2 3450 0.227319
2 3600 0.208914
2 3750 0.222355
2 3900 0.219402
2 4050 0.213699
2 4200 0.212043
2 4350 0.204274
2 4500 0.213564
2 4650 0.218276
2 4800 0.210635
2 4950 0.208795
3 0 0.226463
3 150 0.222731
3 300 0.219149
3 450 0.206945
3 600 0.217593
3 750 0.208731
3 900 0.213905
3 1050 0.21334
3 1200 0.225574
3 1350 0.208298
3 1500 0.210531
3 1650 0.215189
3 1800 0.210465
3 1950 0.199202
3 2100 0.344038
3 2250 0.215955
3 2400 0.212926
3 2550 0.201399
3 2700 0.218382
3 2850 0.206219
3 3000 0.210268
3 3150 0.202402
3 3300 0.195207
3 3450 0.214989
3 3600 0.201818
3 3750 0.206626
3 3900 0.197766
3 4050 0.207689
3 4200 0.20546
3 4350 0.194517
3 4500 0.205667
3 4650 0.194417
3 4800 0.191504
3 4950 0.196998
4 0 0.196259
4 150 0.192396
4 300 0.194232
4 450 0.187494
4 600 0.19421
4 750 0.185235
4 900 0.180738
4 1050 0.186524
4 1200 0.180718
4 1350 0.183729
4 1500 0.18093
4 1650 0.179979
4 1800 0.178579
4 1950 0.177117
4 2100 0.177365
4 2250 0.178819
4 2400 0.179299
4 2550 0.179169
4 2700 0.182471
4 2850 0.182297
4 3000 0.17933
4 3150 0.17997
4 3300 0.176672
4 3450 0.17779
4 3600 0.177259
4 3750 0.180558
4 3900 0.182187
4 4050 0.176538
4 4200 0.175925
4 4350 0.176952
4 4500 0.175367
4 4650 0.178682
4 4800 0.177972
4 4950 0.178233
5 0 0.177058
5 150 0.177213
5 300 0.172073
5 450 0.174214
5 600 0.179736
5 750 0.171462
5 900 0.176281
5 1050 0.173179
5 1200 0.172137
5 1350 0.176017
5 1500 0.170192
5 1650 0.172247
5 1800 0.167075
5 1950 0.173087
5 2100 0.172015
5 2250 0.168241
5 2400 0.170261
5 2550 0.172492
5 2700 0.175046
5 2850 0.168901
5 3000 0.172349
5 3150 0.172763
5 3300 0.168182
5 3450 0.172426
5 3600 0.168907
5 3750 0.171238
5 3900 0.172567
5 4050 0.168191
5 4200 0.168913
5 4350 0.17093
5 4500 0.175588
5 4650 0.171476
5 4800 0.1687
5 4950 0.168833
6 0 0.17018
6 150 0.167611
6 300 0.171931
6 450 0.170807
6 600 0.171129
6 750 0.172866
6 900 0.168477
6 1050 0.169441
6 1200 0.172198
6 1350 0.168271
6 1500 0.167073
6 1650 0.170032
6 1800 0.172653
6 1950 0.171379
6 2100 0.170147
6 2250 0.171318
6 2400 0.167961
6 2550 0.171688
6 2700 0.16857
6 2850 0.169821
6 3000 0.171208
6 3150 0.173023
6 3300 0.169738
6 3450 0.165977
6 3600 0.165596
6 3750 0.171483
6 3900 0.169714
6 4050 0.167645
6 4200 0.171438
6 4350 0.169005
6 4500 0.16898
6 4650 0.166708
6 4800 0.167648
6 4950 0.166063
7 0 0.169466
7 150 0.170151
7 300 0.169969
7 450 0.17057
7 600 0.167636
7 750 0.168693
7 900 0.169343
7 1050 0.169682
7 1200 0.173094
7 1350 0.168878
7 1500 0.170119
7 1650 0.169793
7 1800 0.168894
7 1950 0.170725
7 2100 0.168181
7 2250 0.173425
7 2400 0.16808
7 2550 0.165239
7 2700 0.167255
7 2850 0.166859
7 3000 0.167339
7 3150 0.169878
7 3300 0.172543
7 3450 0.171193
7 3600 0.169862
7 3750 0.167473
7 3900 0.164743
7 4050 0.166344
7 4200 0.169951
7 4350 0.167001
7 4500 0.166394
7 4650 0.167688
7 4800 0.165304
7 4950 0.170168
8 0 0.162959
8 150 0.166435
8 300 0.165263
8 450 0.165266
8 600 0.164136
8 750 0.171227
8 900 0.167437
8 1050 0.168795
8 1200 0.166615
8 1350 0.167062
8 1500 0.168762
8 1650 0.171207
8 1800 0.167054
8 1950 0.162835
8 2100 0.170893
8 2250 0.169302
8 2400 0.169167
8 2550 0.165999
8 2700 0.165955
8 2850 0.16526
8 3000 0.163768
8 3150 0.165495
8 3300 0.164381
8 3450 0.16951
8 3600 0.173005
8 3750 0.169335
8 3900 0.165788
8 4050 0.16351
8 4200 0.168734
8 4350 0.166306
8 4500 0.165816
8 4650 0.165943
8 4800 0.17232
8 4950 0.168752
9 0 0.164599
9 150 0.16749
9 300 0.170414
9 450 0.168865
9 600 0.169243
9 750 0.16502
9 900 0.167404
9 1050 0.167887
9 1200 0.162437
9 1350 0.169395
9 1500 0.168441
9 1650 0.163397
9 1800 0.167443
9 1950 0.167904
9 2100 0.168533
9 2250 0.169682
9 2400 0.169256
9 2550 0.172647
9 2700 0.165804
9 2850 0.168296
9 3000 0.162873
9 3150 0.165776
9 3300 0.162085
9 3450 0.169851
9 3600 0.169083
9 3750 0.171283
9 3900 0.170367
9 4050 0.165553
9 4200 0.164227
9 4350 0.169372
9 4500 0.16796
9 4650 0.165412
9 4800 0.16402
9 4950 0.164646
