1.06214
1.14851
0.953169
1.22253
0.938657
1.21065
1.14608
1.01588
1.00368
1.1155
1.12042
0.978508
0.997699
0.992396
1.13123
0.675477
0.815994
0.813352
0.729111
0.804312
0.800809
0.719728
0.795781
0.65433
0.746128
0.552547
0.539127
0.794836
0.621157
0.492109
0.514099
0.441131
0.591515
0.471249
0.492443
0.470536
0.442626
0.357792
0.283346
0.282792
0.345895
0.308213
0.261037
0.265383
0.200892
0.219795
0.147944
0.168834
0.127938
0.163034
0.131453
0.153906
0.177537
0.0807849
0.181046
0.142769
0.181765
0.168312
0.196018
0.141439
0.138874
0.173999
0.135939
0.145336
0.136122
0.19719
0.172079
0.168003
0.156462
0.148802
0.189026
0.234957
0.1529
0.214407
0.17638
0.13141
0.140768
0.202136
0.190326
0.173713
0.200569
0.178215
0.185378
0.221512
0.194522
0.190179
0.154247
0.205062
0.186042
0.173881
0.188974
0.15476
0.212623
0.21497
0.167989
0.136423
0.18734
0.178544
0.168342
0.169634
0.181054
0.151242
0.16833
0.165067
0.12069
0.149758
0.159035
0.215817
0.183294
0.192005
0.20253
0.186844
0.135171
0.146022
0.193649
0.150727
0.127023
0.154557
0.213864
0.206701
0.158814
0.21817
0.260803
0.166981
0.132248
0.112049
0.142494
0.168515
0.143722
0.178879
0.204277
0.168644
0.205671
0.171751
0.191793
0.172759
0.186078
0.265788
0.195159
0.184752
0.171653
0.177344
0.120455
0.147109
0.165788
0.243622
0.209563
0.237225
0.146148
0.169227
0.249407
0.14729
0.136759
0.172305
0.155716
0.16232
0.195041
0.215029
0.233345
0.204929
0.114464
0.224028
0.194901
0.136647
0.225797
0.189433
0.16564
0.158074
0.161637
0.188902
0.202877
0.116154
0.165307
0.145161
0.158757
0.194239
0.161467
0.123546
0.239347
0.175144
0.158756
0.173194
0.176236
0.160244
0.203588
0.19697
0.167517
0.229832
0.141111
0.157461
0.244252
0.185575
0.145744
0.152013
0.18441
0.159458
0.152496
0.176848
0.167531
0.183029
0.178105
0.21884
0.169976
0.138321
0.119957
0.220137
0.226814
0.130078
0.185231
0.197908
0.173052
0.175633
0.134867
0.19971
0.203542
0.144557
0.131119
0.191521
0.134568
0.191792
0.18702
0.134647
0.164189
0.197916
0.210916
0.120284
0.162944
0.178405
0.159481
0.141235
0.180585
0.161498
0.147242
0.152478
0.169169
0.17778
0.158694
0.13905
0.155317
0.194248
0.214084
0.187817
0.114232
0.187757
0.187578
0.199201
0.12646
0.179351
0.14731
0.15287
0.185287
0.127513
0.121974
0.130173
0.178499
0.21398
0.235326
0.228451
0.104736
0.158352
0.197812
0.140199
0.18962
0.175416
0.158225
0.191598
0.155381
0.142503
0.134146
0.211333
0.194966
0.189705
0.170923
0.167522
0.164347
0.187596
0.171217
0.1245
0.155291
0.196571
0.155644
0.123267
0.190737
0.182733
0.160877
0.145533
0.174028
0.128869
0.212019
0.139745
0.146666
0.146691
0.134959
0.15352
0.146938
0.167443
0.152889
0.166348
0.146904
0.155548
0.180584
0.193056
0.181726
0.220605
0.220364
0.196681
0.158153
0.177646
0.169789
0.167671
0.164978
0.138367
0.207713
0.137759
0.176761
0.129937
0.177161
0.226162
0.180699
0.246291
0.153336
0.169363
0.164063
0.14911
0.184943
0.195864
0.124354
0.174562
0.163656
0.219369
0.164962
0.19792
0.183585
0.174725
0.13865
0.150444
0.164576
0.202921
0.166384
0.231906
0.155134
0.165837
0.16187
0.234857
0.24343
0.140879
0.140676
0.143985
0.199641
0.152775
0.156542
0.192787
0.194952
0.20719
0.189092
0.213129
0.176706
0.184927
0.122846
0.143863
0.192476
0.172842
0.185491
0.112743
0.1321
0.123141
0.219284
0.183294
0.167444
0.17745
0.126636
0.200778
0.211613
0.137806
0.120555
0.180098
0.0976664
0.151632
0.171473
0.213873
0.184742
0.156185
0.209377
0.188516
0.158171
0.17121
0.13729
0.127552
0.178854
0.134034
0.163924
0.138287
0.145666
0.217827
0.198234
0.151845
0.131785
0.191038
0.141679
0.158392
0.179963
0.130894
0.150563
0.124177
0.198436
0.167508
0.125802
0.202115
0.158033
0.114545
0.214531
0.215253
0.176479
0.158051
0.190422
0.170392
0.164942
0.19824
0.21896
0.147951
0.208312
0.181569
0.177727
0.178115
0.201115
0.174202
0.17207
0.217937
0.168669
0.132241
0.21947
0.126075
0.155265
0.205744
0.153971
0.169535
0.152412
0.212728
0.192663
0.155471
0.13817
0.176155
0.173483
0.181737
0.124651
0.147769
0.136292
0.159043
0.1639
0.1585
0.218548
0.151395
0.195901
0.158997
0.129535
0.189467
0.191133
0.183835
0.133979
0.201462
0.17042
0.184941
0.16965
0.178322
0.158833
0.167328
0.10568
0.193319
0.13075
0.213524
0.221676
0.153029
0.17466
0.146469
0.155161
0.18233
0.193668
0.173018
0.169518
0.155877
0.196978
0.195658
0.166551
0.19041
0.174059
0.156142
0.135697
0.171363
0.157057
0.200908
0.153963
0.168345
0.14182
0.156159
0.1978
0.154891
0.144602
0.154897
0.146064
0.149767
0.160457
0.185261
0.195997
0.199384
0.179442
0.198119
0.189334
0.12044
0.191092
0.160097
0.170956
0.168231
0.150488
0.16092
0.0911849
0.188821
0.144321
0.172836
0.171957
0.150537
0.192471
0.154362
0.179227
0.18794
0.161705
0.211037
0.157016
0.232289
0.172736
0.205779
0.151273
0.130285
0.178124
0.176867
0.168646
0.212621
0.192105
0.139083
0.157964
0.157397
0.173929
0.176077
0.201515
0.197257
0.171694
0.170625
0.198848
0.112595
0.173696
0.162756
0.122394
0.181751
0.162105
0.141117
0.139524
0.162803
0.173191
0.12912
0.171328
0.165893
0.17726
0.163921
0.126711
0.128209
0.167859
0.21317
0.176193
0.191483
0.178747
0.15984
0.214572
0.166489
0.182824
0.150991
0.144082
0.164518
0.216759
0.189722
0.145632
0.156133
0.185241
0.175491
0.22282
0.204841
0.189529
0.133604
0.164029
0.116622
0.141226
0.162346
0.170335
0.1978
0.159134
0.253932
0.145784
0.189426
0.166691
0.167092
0.179382
0.214594
0.162206
0.214073
0.104733
0.110694
0.133527
0.147887
0.15925
0.101751
0.127916
0.136525
0.15255
0.176075
0.181087
0.157231
0.192635
0.127368
0.22763
0.177419
0.182586
0.105052
0.149705
0.234311
0.193364
0.184627
0.181625
0.168035
0.187099
0.171766
0.147205
0.157581
0.21435
0.144908
0.146635
0.206272
0.148627
0.162886
0.11257
0.128496
0.119403
0.146434
0.152514
0.174581
0.170647
0.185572
0.169557
0.16104
0.158552
0.155323
0.180334
0.193467
0.197554
0.130423
0.182411
0.118348
0.116359
0.159576
0.142572
0.135004
0.170862
0.15048
0.125132
0.181822
0.180018
0.223739
0.156113
0.169057
0.170783
0.151745
0.151555
0.179705
0.147898
0.180053
0.181852
0.137912
0.177484
0.226244
0.149969
0.109204
0.13823
0.164248
0.12297
0.138754
0.150683
0.212649
0.14417
0.124851
0.199194
0.162272
0.192275
0.147782
0.206943
0.145801
0.151434
0.207098
0.177366
0.165929
0.164949
0.117103
0.225116
0.163013
0.131359
0.198028
0.189448
0.159321
0.168415
0.179174
0.196143
0.177379
0.190216
0.188591
0.218878
0.194988
0.200322
0.164488
0.249118
0.165213
0.198142
0.153207
0.159127
0.151491
0.159135
0.204643
0.196054
0.199429
0.176591
0.115263
0.170134
0.179777
0.1331
0.207685
0.169456
0.148132
0.21168
0.138143
0.186789
0.160005
0.167182
0.223802
0.217903
0.166185
0.218821
0.194268
0.250296
0.196039
0.133773
0.252822
0.13744
0.168955
0.17216
0.202743
0.17116
0.19216
0.183849
0.184826
0.15939
0.222113
0.153375
0.235191
0.168737
0.229639
0.186272
0.134389
0.152355
0.13795
0.126722
0.143904
0.13807
0.178737
0.237794
0.153247
0.132512
0.185361
0.19344
0.105646
0.187704
0.221071
0.222092
0.170363
0.168284
0.178731
0.158271
0.190675
0.159994
0.136255
0.141622
0.167038
0.188419
0.182138
0.166034
0.138264
0.150746
0.182805
0.156291
0.177143
0.151599
0.122712
0.150198
0.165296
0.186057
0.204079
0.134162
0.19829
0.156896
0.148752
0.192219
0.150048
0.131859
0.161175
0.134269
0.193546
0.172278
0.174039
0.175316
0.180852
0.207216
0.172415
0.160121
0.160028
0.164545
0.169495
0.131945
0.142675
0.149863
0.13429
0.180968
0.227002
0.163332
0.18973
0.184436
0.180266
0.168531
0.165791
0.142854
0.167931
0.142503
0.144679
0.171797
0.167846
0.132307
0.192274
0.152638
0.191775
0.229001
0.188612
0.170932
0.18102
0.23296
0.170167
0.140884
0.164715
0.139272
0.162914
0.159749
0.154616
0.133094
0.200651
0.138556
0.122176
0.218194
0.140138
0.13604
0.121763
0.19574
0.153227
0.196148
0.161797
0.173834
0.238068
0.194735
0.186702
0.223536
0.133434
0.183941
0.190867
0.156775
0.172029
0.133235
0.148801
0.202517
0.131466
0.191519
0.175476
0.147339
0.175278
0.154243
0.150041
0.134891
0.159448
0.125915
0.171923
0.194222
0.15548
0.118089
0.15976
0.185935
0.166639
0.191615
0.176215
0.188715
0.261481
0.21084
0.191596
0.177024
0.191651
0.188172
0.239163
0.220001
0.105553
0.18232
0.146657
0.15101
0.161453
0.150807
0.166437
0.142641
0.136047
0.181414
0.174311
0.185269
0.194849
0.187207
0.163771
0.174636
0.2119
0.15605
0.183269
0.171059
0.152878
0.164443
0.141346
0.187592
0.134473
0.158577
0.148608
0.164495
0.179591
0.14448
0.162092
0.145726
0.148212
0.158126
0.164507
0.149348
0.16007
0.159728
0.149554
0.147096
0.164047
0.179135
0.160116
0.239419
0.172191
0.127734
0.106096
0.125268
0.173918
0.148419
0.133369
0.179697
0.130245
0.164061
0.182468
0.15072
0.162124
0.180665
0.184079
0.150703
0.137686
0.153272
0.229712
0.183292
0.182799
0.180439
0.130433
0.147761
0.156823
0.18061
0.149338
0.205238
0.186581
0.158605
0.148743
0.203231
0.194593
0.1878
0.208486
0.165343
0.215033
0.12523
0.199927
0.155648
0.154673
0.150145
0.156004
0.191706
0.152294
0.19001
0.168313
0.142429
0.201181
0.165387
0.177287
0.199546
0.15519
0.139339
0.201872
0.139455
0.148705
0.212985
0.200649
0.137604
0.177614
0.201221
0.132251
0.18656
0.209297
0.195144
0.125393
0.146261
0.190833
0.156926
0.191569
0.196836
0.153712
0.16556
0.144655
0.165925
0.186644
0.13853
0.189599
0.168302
0.159089
0.173201
0.119743
0.205886
0.156376
0.155118
0.145225
0.154394
0.199216
0.17312
0.181996
0.154759
0.158257
0.141623
0.181001
0.151785
0.147899
0.125786
0.170555
0.129541
0.154711
0.178367
0.0763316
0.181514
0.143845
0.183116
0.167943
0.194048
0.140593
0.137604
0.176481
0.136866
0.146965
0.135626
0.198165
0.171585
0.166277
0.153886
0.150537
0.1937
0.216689
0.145217
0.211542
0.179255
0.137625
0.139539
0.200297
0.183661
0.173337
0.186293
0.161546
0.170895
0.198087
0.193545
0.185115
0.155847
0.197073
0.185003
0.177729
0.182726
0.153585
0.209264
0.178295
0.149443
0.135554
0.186952
0.169511
0.173198
0.163648
0.183817
0.14742
0.16234
0.15708
0.123441
0.141997
0.15746
0.219075
0.184785
0.174298
0.181721
0.156416
0.129106
0.141215
0.188788
0.145439
0.127057
0.156596
0.200316
0.160412
0.158575
0.211626
0.177313
0.135595
0.11815
0.111563
0.141656
0.167619
0.142602
0.177182
0.202827
0.170409
0.204945
0.151105
0.18343
0.163658
0.151264
0.232768
0.195814
0.191785
0.173646
0.173263
0.112287
0.143038
0.169928
0.240912
0.206119
0.239376
0.129058
0.158081
0.238919
0.142631
0.129084
0.155582
0.147059
0.17394
0.191521
0.170498
0.175827
0.201439
0.118894
0.222181
0.191022
0.136959
0.223207
0.172037
0.144021
0.165904
0.14158
0.179901
0.204534
0.117453
0.162961
0.137838
0.151364
0.180568
0.145479
0.113241
0.236299
0.169598
0.160142
0.175034
0.17587
0.149337
0.190312
0.196918
0.140516
0.193872
0.141744
0.143674
0.244869
0.182756
0.14492
0.155321
0.178193
0.163843
0.137624
0.166587
0.160363
0.167974
0.189272
0.181806
0.15819
0.136884
0.118611
0.210762
0.227931
0.135423
0.152343
0.183046
0.168979
0.175777
0.137623
0.184746
0.175988
0.139794
0.13449
0.185986
0.13267
0.189692
0.184046
0.135945
0.151209
0.161015
0.179644
0.122958
0.147489
0.18142
0.159999
0.140631
0.17935
0.165889
0.140418
0.156301
0.156567
0.167032
0.156889
0.138528
0.154659
0.192759
0.214007
0.18088
0.108891
0.186199
0.180876
0.194484
0.129123
0.180853
0.152298
0.155545
0.181035
0.126203
0.123559
0.126914
0.159484
0.204944
0.22189
0.229222
0.103006
0.163611
0.17643
0.140558
0.190323
0.175305
0.156579
0.191468
0.161965
0.126245
0.132272
0.206725
0.175947
0.157737
0.165285
0.160751
0.165471
0.185573
0.169731
0.124127
0.147782
0.177747
0.141324
0.12202
0.189509
0.178628
0.158703
0.145583
0.171957
0.129183
0.21318
0.138528
0.137316
0.146154
0.136357
0.153144
0.143411
0.163589
0.158367
0.160698
0.148602
0.156329
0.179157
0.187791
0.175749
0.188829
0.204148
0.178869
0.160674
0.16926
0.174558
0.167625
0.164608
0.138479
0.207573
0.141404
0.172321
0.150621
0.158552
0.224563
0.181472
0.243147
0.153727
0.169781
0.165482
0.146974
0.184978
0.179381
0.121073
0.173307
0.162454
0.221163
0.165356
0.190447
0.188613
0.171692
0.135157
0.143713
0.152595
0.200219
0.166666
0.234056
0.150149
0.169225
0.160503
0.231205
0.228605
0.137762
0.141221
0.143999
0.192856
0.141095
0.141257
0.173152
0.194335
0.19134
0.175657
0.212422
0.180023
0.187227
0.123263
0.145201
0.19161
0.171499
0.183209
0.11375
0.123811
0.135088
0.20699
0.186172
0.162311
0.169554
0.123509
0.197959
0.212117
0.137953
0.11889
0.181142
0.0990749
0.149464
0.167127
0.200704
0.191098
0.14547
0.203677
0.188865
0.157203
0.171355
0.137565
0.127329
0.179057
0.134344
0.16434
0.135599
0.150062
0.165354
0.158473
0.152133
0.129715
0.19085
0.139212
0.15287
0.183114
0.131243
0.150281
0.124587
0.194162
0.165954
0.126281
0.205989
0.15131
0.115104
0.212625
0.214099
0.176313
0.159708
0.189907
0.168716
0.165698
0.197864
0.193662
0.14619
0.209386
0.181069
0.181514
0.172901
0.194207
0.173574
0.171399
0.214318
0.171054
0.131196
0.219944
0.124764
0.155853
0.205475
0.154777
0.168463
0.146072
0.217045
0.186511
0.154808
0.138986
0.166717
0.168696
0.17977
0.123785
0.147315
0.134628
0.150492
0.164102
0.159662
0.217347
0.152159
0.188707
0.160085
0.128607
0.188587
0.193682
0.184199
0.135298
0.196446
0.163575
0.169952
0.169243
0.176503
0.154811
0.167339
0.109556
0.18983
0.129308
0.207792
0.223826
0.155888
0.174598
0.145613
0.147673
0.187061
0.187563
0.169986
0.172219
0.158711
0.187431
0.19002
0.162276
0.184339
0.175937
0.154771
0.137379
0.173874
0.157026
0.201249
0.154129
0.166748
0.143276
0.156426
0.190525
0.152684
0.146397
0.153558
0.1452
0.149062
0.162257
0.184931
0.186131
0.196244
0.178926
0.197106
0.188131
0.119772
0.18931
0.160123
0.170575
0.167633
0.1503
0.159812
0.0892476
0.187508
0.141655
0.169241
0.165309
0.146344
0.178881
0.1492
0.17777
0.186052
0.162151
0.212612
0.155849
0.234068
0.169134
0.204693
0.151523
0.129254
0.176368
0.177108
0.170287
0.210794
0.187659
0.137344
0.159188
0.157281
0.17554
0.169916
0.19517
0.195103
0.17069
0.169661
0.199152
0.114119
0.171118
0.16025
0.124717
0.179564
0.161396
0.139786
0.147281
0.15545
0.160183
0.125024
0.166625
0.163793
0.175715
0.158465
0.126025
0.126538
0.168063
0.209387
0.1795
0.183363
0.176545
0.158899
0.212525
0.165552
0.183375
0.151877
0.142649
0.164943
0.194436
0.193012
0.139672
0.156687
0.183233
0.176229
0.226175
0.189743
0.184786
0.133853
0.164074
0.118901
0.140662
0.159932
0.169989
0.196847
0.158406
0.245396
0.145182
0.189629
0.166067
0.166981
0.178037
0.213929
0.160338
0.21373
0.104498
0.111821
0.127795
0.145926
0.160004
0.0996837
0.129084
0.135277
0.152758
0.175681
0.180703
0.156099
0.196192
0.126699
0.229856
0.170746
0.181021
0.10694
0.152302
0.212024
0.184486
0.185959
0.183576
0.168642
0.183601
0.171666
0.148997
0.156359
0.214698
0.147438
0.138474
0.204055
0.149385
0.163207
0.110937
0.128935
0.119895
0.144615
0.152775
0.174108
0.171214
0.175197
0.156643
0.156434
0.158535
0.154699
0.17931
0.193125
0.195078
0.129471
0.183436
0.120098
0.116095
0.159279
0.141898
0.134958
0.171668
0.147999
0.126946
0.177692
0.181594
0.220345
0.157798
0.165879
0.169399
0.150904
0.152052
0.183592
0.14496
0.179438
0.181309
0.133812
0.183443
0.212504
0.150169
0.108506
0.138337
0.162965
0.121911
0.13953
0.149177
0.212073
0.14188
0.130373
0.195982
0.161614
0.185545
0.151946
0.204929
0.145821
0.150301
0.209611
0.175076
0.166869
0.163884
0.11669
0.225488
0.157027
0.133105
0.197567
0.188736
0.158667
0.16823
0.178595
0.194345
0.172733
0.177187
0.18906
0.210164
0.194659
0.200007
0.16494
0.249541
0.164938
0.197023
0.151256
0.164018
0.141351
0.16468
0.201945
0.19497
0.197291
0.168697
0.1154
0.170207
0.179215
0.132792
0.201346
0.172445
0.150534
0.208173
0.138393
0.188967
0.15916
0.168886
0.217387
0.223187
0.178343
0.220381
0.187603
0.254834
0.19819
0.138039
0.234971
0.141944
0.164646
0.171913
0.20353
0.170128
0.191183
0.182684
0.183954
0.160101
0.224495
0.14817
0.234997
0.166784
0.224898
0.184298
0.132979
0.152403
0.138649
0.12681
0.140309
0.136815
0.179846
0.236575
0.153219
0.128684
0.186634
0.185964
0.104524
0.189569
0.221277
0.224473
0.167097
0.168372
0.178729
0.158928
0.194103
0.164687
0.129269
0.136158
0.165811
0.190826
0.180601
0.165874
0.139847
0.149831
0.182055
0.154871
0.176175
0.151792
0.120608
0.147738
0.160986
0.186068
0.205066
0.130425
0.198236
0.157408
0.143899
0.1909
0.149445
0.132072
0.159655
0.134215
0.193061
0.172335
0.174418
0.176668
0.177151
0.207652
0.171653
0.16153
0.153719
0.162688
0.170217
0.13191
0.141659
0.150072
0.131469
0.179416
0.227416
0.162059
0.190068
0.184907
0.179199
0.167978
0.164253
0.141036
0.167256
0.141567
0.143639
0.171152
0.16629
0.133096
0.191562
0.152476
0.190089
0.229269
0.188132
0.173639
0.179512
0.232823
0.169542
0.14148
0.163948
0.138686
0.163262
0.160426
0.153483
0.139956
0.185608
0.143363
0.121539
0.21746
0.140778
0.135401
0.121818
0.19626
0.152544
0.196514
0.168607
0.157246
0.243522
0.194581
0.186771
0.222766
0.133113
0.183083
0.187139
0.157127
0.171079
0.135166
0.144212
0.201856
0.130792
0.192238
0.17739
0.14553
0.1754
0.155402
0.149789
0.133838
0.160214
0.122772
0.17158
0.195923
0.153077
0.116415
0.160796
0.183315
0.168004
0.190974
0.176394
0.188591
0.242516
0.207863
0.191999
0.175048
0.185702
0.187631
0.238614
0.219854
0.105905
0.181537
0.144079
0.150525
0.162409
0.149783
0.168702
0.146551
0.135142
0.179235
0.172993
0.18328
0.196389
0.18384
0.16273
0.171936
0.210852
0.156181
0.183008
0.170772
0.153816
0.161817
0.140636
0.18938
0.1313
0.159929
0.146699
0.164351
0.179852
0.144614
0.159984
0.146396
0.146053
0.157031
0.164372
0.149941
0.158574
0.161615
0.150955
0.145021
0.165799
0.178351
0.160158
0.237795
0.16517
0.127163
0.107263
0.125842
0.174748
0.148353
0.133513
0.179203
0.12906
0.163567
0.182936
0.150138
0.162934
0.180622
0.184213
0.151035
0.133629
0.153757
0.229314
0.180318
0.183148
0.179228
0.130443
0.148003
0.155172
0.176983
0.150113
0.207498
0.181831
0.162536
0.14836
0.203606
0.195818
0.180907
0.207494
0.166083
0.215003
0.122812
0.200134
0.158751
0.146829
0.149881
0.155423
0.192542
0.153582
0.189616
0.168371
0.1427
0.200747
0.165427
0.176923
0.199035
0.151926
0.138183
0.199539
0.140344
0.147792
0.212754
0.19936
0.137889
0.17512
0.200743
0.132216
0.187411
0.201121
0.196799
0.124025
0.146462
0.190519
0.156803
0.191252
0.196889
0.153672
0.164966
0.143903
0.16673
0.183934
0.138551
0.187799
0.168772
0.159947
0.168201
0.120677
0.205362
0.156233
0.15555
0.144957
0.155169
0.202163
0.16518
0.181873
0.154917
0.159028
0.141215
0.181668
0.152175
0.145349
0.125841
0.172237
0.130677
0.151742
0.178503
0.0770804
0.179766
0.143982
0.180129
0.168024
0.193625
0.141139
0.138284
0.173399
0.137895
0.147434
0.135352
0.198062
0.170718
0.1662
0.153167
0.151101
0.188474
0.204262
0.144299
0.209827
0.17973
0.138462
0.139254
0.198496
0.18218
0.172299
0.183588
0.159598
0.167797
0.195177
0.193166
0.184298
0.156376
0.194374
0.185833
0.177094
0.181796
0.153427
0.209858
0.174224
0.150099
0.135999
0.188015
0.164336
0.175111
0.162781
0.181731
0.147786
0.163213
0.157461
0.122763
0.140831
0.15754
0.219896
0.183488
0.174001
0.181244
0.156101
0.128817
0.141064
0.187834
0.145177
0.127042
0.157195
0.200221
0.158618
0.158789
0.212739
0.164734
0.137911
0.117922
0.11132
0.142116
0.167383
0.142378
0.176964
0.202441
0.170981
0.202059
0.149844
0.182738
0.160408
0.151194
0.233112
0.195357
0.192879
0.177365
0.16667
0.112199
0.142926
0.170297
0.240884
0.205785
0.238696
0.12835
0.158235
0.237856
0.142125
0.128048
0.154346
0.146915
0.173472
0.185328
0.16822
0.174686
0.200498
0.119585
0.221741
0.19106
0.137232
0.222005
0.169962
0.142508
0.167045
0.13851
0.179988
0.204877
0.117599
0.16273
0.136906
0.15145
0.181215
0.144858
0.11259
0.236015
0.169178
0.160501
0.174764
0.173693
0.14864
0.190067
0.196682
0.137371
0.193279
0.141969
0.142828
0.244449
0.182707
0.145248
0.154547
0.177852
0.163991
0.135828
0.166225
0.159674
0.16529
0.191644
0.173094
0.159192
0.136657
0.119049
0.209418
0.228381
0.133278
0.148363
0.181771
0.168983
0.175875
0.137692
0.181522
0.174356
0.139278
0.134793
0.185639
0.132784
0.189198
0.183764
0.136809
0.148114
0.156202
0.17867
0.124208
0.144763
0.181831
0.160236
0.14048
0.178976
0.167796
0.137584
0.156676
0.155075
0.166838
0.156479
0.138611
0.154874
0.1927
0.214229
0.179121
0.108532
0.186581
0.180165
0.194524
0.128457
0.182293
0.150555
0.156543
0.178842
0.126339
0.123608
0.126856
0.158675
0.204941
0.220686
0.23044
0.103012
0.16132
0.17548
0.139906
0.190464
0.175642
0.157219
0.191246
0.162489
0.123777
0.132268
0.2065
0.173325
0.155543
0.163257
0.160303
0.165501
0.185137
0.169535
0.124037
0.145653
0.174542
0.140506
0.121935
0.189251
0.178363
0.158478
0.145557
0.17154
0.129325
0.213336
0.138138
0.135834
0.14624
0.136913
0.152467
0.142902
0.163238
0.159354
0.158151
0.149112
0.156921
0.179187
0.187766
0.175028
0.186467
0.202357
0.177468
0.161366
0.166022
0.175732
0.167488
0.163546
0.138416
0.206898
0.143299
0.168815
0.153079
0.156026
0.223515
0.18115
0.242893
0.154195
0.169332
0.165439
0.147269
0.183502
0.177374
0.120771
0.17357
0.162399
0.221404
0.165954
0.18919
0.188938
0.170223
0.135057
0.143888
0.151532
0.199407
0.166837
0.235161
0.149408
0.169051
0.160772
0.229669
0.227199
0.137766
0.141603
0.142513
0.191247
0.139508
0.136206
0.17197
0.194618
0.18765
0.174766
0.211036
0.18134
0.18737
0.122977
0.145179
0.191702
0.17111
0.183061
0.114237
0.121586
0.137395
0.204694
0.185546
0.16184
0.167855
0.123235
0.197874
0.212443
0.137211
0.118816
0.180753
0.0999823
0.148361
0.166865
0.198185
0.193229
0.141418
0.203194
0.188988
0.15714
0.1708
0.138183
0.12699
0.179235
0.13424
0.164184
0.135389
0.148602
0.163324
0.156629
0.151737
0.129299
0.190376
0.13713
0.151545
0.183583
0.131042
0.150425
0.123465
0.193488
0.165582
0.126483
0.20648
0.150474
0.114551
0.212382
0.213954
0.176296
0.15997
0.189609
0.168147
0.166098
0.198747
0.183355
0.146853
0.209791
0.180417
0.182228
0.171861
0.19388
0.173324
0.17148
0.213951
0.172501
0.131028
0.219887
0.124096
0.155593
0.204741
0.156168
0.166581
0.145995
0.218168
0.184306
0.154741
0.138998
0.164726
0.16821
0.179722
0.123904
0.14738
0.133398
0.149334
0.164048
0.159943
0.217289
0.151949
0.185885
0.161156
0.128622
0.187995
0.193549
0.185203
0.134382
0.195862
0.16224
0.168199
0.169304
0.175773
0.154173
0.167777
0.110804
0.188635
0.129272
0.206602
0.223871
0.156686
0.174602
0.146489
0.146145
0.187103
0.186274
0.169831
0.172779
0.160709
0.183785
0.189525
0.161284
0.183164
0.176747
0.15369
0.137542
0.175064
0.15821
0.200204
0.154026
0.166679
0.143784
0.155878
0.189478
0.15278
0.14587
0.153543
0.145323
0.148594
0.162507
0.183802
0.184226
0.196162
0.17949
0.197307
0.188173
0.120266
0.187689
0.160045
0.170344
0.167591
0.149657
0.159383
0.0892631
0.187176
0.141499
0.168625
0.164999
0.145787
0.175921
0.148833
0.177271
0.18587
0.162062
0.212821
0.155186
0.235289
0.166182
0.204556
0.151271
0.128864
0.17498
0.176349
0.1692
0.210526
0.185656
0.137343
0.159292
0.156993
0.175283
0.168906
0.194651
0.195247
0.170547
0.169522
0.198225
0.114735
0.170037
0.160029
0.125447
0.178959
0.16112
0.140167
0.151403
0.149194
0.159845
0.123637
0.165848
0.163402
0.17507
0.157185
0.125802
0.126177
0.167718
0.207933
0.180391
0.180022
0.176906
0.158216
0.212431
0.165305
0.183256
0.152043
0.142744
0.163625
0.189481
0.192727
0.137902
0.156378
0.182956
0.176646
0.227619
0.184038
0.18477
0.133849
0.164346
0.119531
0.140775
0.158854
0.169873
0.196458
0.157889
0.243337
0.14504
0.189639
0.165824
0.167114
0.177804
0.213685
0.15973
0.213757
0.104467
0.112286
0.125619
0.145633
0.160062
0.0989186
0.129694
0.135401
0.152098
0.176192
0.180305
0.155786
0.197284
0.127845
0.227319
0.169881
0.180847
0.107502
0.153829
0.203359
0.18322
0.186169
0.183297
0.168096
0.183798
0.171606
0.149092
0.156471
0.214826
0.146686
0.136612
0.203804
0.149784
0.163379
0.110536
0.129242
0.120077
0.144381
0.152789
0.174234
0.171325
0.171466
0.15359
0.156077
0.158344
0.154199
0.179164
0.192291
0.194535
0.129304
0.183208
0.120675
0.116053
0.159548
0.141387
0.134726
0.172369
0.147129
0.127084
0.176176
0.182189
0.21816
0.158323
0.164456
0.16915
0.150842
0.15166
0.184937
0.144928
0.1795
0.181578
0.132895
0.184601
0.210481
0.150099
0.108447
0.138396
0.162363
0.121791
0.139928
0.14866
0.212074
0.141135
0.132649
0.195457
0.162848
0.181571
0.152748
0.204847
0.146023
0.149258
0.210085
0.174458
0.16649
0.163818
0.116687
0.225618
0.155377
0.132789
0.197075
0.187681
0.158606
0.168017
0.179164
0.193783
0.172049
0.173786
0.188363
0.208407
0.194566
0.199955
0.164855
0.249593
0.164724
0.196645
0.150449
0.165846
0.138738
0.164649
0.20103
0.194579
0.196201
0.166723
0.115343
0.169714
0.179365
0.133612
0.198474
0.172987
0.151607
0.206792
0.137939
0.189069
0.159333
0.171193
0.215322
0.222141
0.182074
0.222355
0.183721
0.254329
0.198695
0.139724
0.228443
0.142167
0.164057
0.171619
0.203951
0.169774
0.190097
0.182352
0.183835
0.159926
0.225289
0.145901
0.234942
0.166793
0.222535
0.183485
0.132447
0.152574
0.136641
0.125204
0.149722
0.1358
0.179527
0.236454
0.154427
0.127202
0.18735
0.183696
0.104092
0.189055
0.219856
0.223937
0.163877
0.167585
0.178861
0.159802
0.195052
0.167236
0.125331
0.136061
0.16445
0.191781
0.180208
0.166227
0.140234
0.149393
0.180879
0.155017
0.175906
0.151962
0.120187
0.146651
0.159226
0.18583
0.206184
0.128698
0.198617
0.156917
0.142984
0.189371
0.149188
0.131553
0.159579
0.13421
0.193687
0.172264
0.174494
0.177167
0.178186
0.207906
0.171543
0.161972
0.152645
0.162069
0.170051
0.131872
0.141919
0.149759
0.130482
0.179073
0.227234
0.161965
0.189472
0.183942
0.181589
0.166908
0.162663
0.140901
0.167101
0.141098
0.143121
0.170652
0.166281
0.133464
0.191025
0.152003
0.190276
0.22932
0.187902
0.17435
0.179349
0.232918
0.168982
0.141883
0.1623
0.138422
0.162987
0.159661
0.152143
0.141833
0.182637
0.143912
0.121847
0.216227
0.139939
0.135374
0.12193
0.195894
0.15179
0.19643
0.170538
0.153185
0.244299
0.194962
0.186305
0.223069
0.132587
0.182872
0.186195
0.15734
0.170041
0.135651
0.143292
0.201191
0.130485
0.191902
0.178278
0.144695
0.175584
0.155506
0.149999
0.133481
0.161764
0.122342
0.170749
0.196318
0.152277
0.1168
0.16087
0.182424
0.168457
0.190169
0.175763
0.189416
0.237148
0.207116
0.191925
0.173513
0.184054
0.187246
0.238142
0.220308
0.105792
0.180982
0.143205
0.15017
0.162377
0.149223
0.168743
0.145938
0.139516
0.175178
0.174443
0.18147
0.195986
0.183392
0.16213
0.171328
0.210745
0.156106
0.182794
0.170282
0.153766
0.161397
0.140063
0.190165
0.129338
0.15917
0.146899
0.164507
0.179758
0.144931
0.160279
0.146704
0.144937
0.157163
0.164676
0.150193
0.158102
0.161145
0.15182
0.144648
0.165737
0.178291
0.160012
0.237265
0.162133
0.127066
0.107294
0.126322
0.17459
0.147881
0.133916
0.178878
0.129098
0.164189
0.182832
0.149473
0.163147
0.181093
0.184323
0.150496
0.132399
0.153796
0.229147
0.179478
0.183267
0.178626
0.130264
0.147977
0.154798
0.175785
0.150189
0.208828
0.180194
0.162199
0.14875
0.203422
0.19518
0.178876
0.206746
0.165573
0.218224
0.122136
0.199802
0.15971
0.143957
0.148534
0.154564
0.19163
0.153181
0.186463
0.168114
0.140544
0.195259
0.174893
0.176551
0.202404
0.144968
0.139426
0.195039
0.140288
0.146397
0.211363
0.202508
0.136488
0.174629
0.198305
0.132298
0.186634
0.197341
0.193804
0.124498
0.1486
0.189459
0.15894
0.191568
0.197641
0.152356
0.164734
0.145193
0.166237
0.183918
0.138408
0.186806
0.169179
0.160437
0.16579
0.120766
0.204118
0.156028
0.156234
0.143804
0.154929
0.202786
0.163319
0.180979
0.155247
0.158821
0.141399
0.180473
0.152224
0.145172
0.12687
0.174294
0.131889
0.150903
0.177057
0.0771056
0.179281
0.144061
0.178627
0.167682
0.193276
0.140926
0.138903
0.17285
0.138051
0.147385
0.135119
0.19803
0.170736
0.166597
0.152662
0.151109
0.185529
0.20065
0.143979
0.20875
0.179353
0.138464
0.13958
0.196572
0.181058
0.172333
0.182266
0.159935
0.167427
0.193708
0.193187
0.183541
0.156288
0.193355
0.18592
0.176618
0.181807
0.153498
0.209545
0.17241
0.1501
0.136086
0.187816
0.163385
0.17483
0.163039
0.180491
0.148017
0.163908
0.157316
0.12246
0.141011
0.157247
0.219447
0.182496
0.173709
0.181117
0.156063
0.12911
0.141359
0.188014
0.144691
0.126914
0.157404
0.199615
0.158621
0.158677
0.212996
0.160881
0.138273
0.118622
0.111039
0.141464
0.167263
0.142297
0.176968
0.201602
0.170411
0.200559
0.149291
0.183035
0.158513
0.150991
0.232903
0.19508
0.193255
0.178873
0.164551
0.111994
0.142753
0.170351
0.240805
0.204861
0.238625
0.12787
0.157712
0.237345
0.141812
0.128027
0.154032
0.1471
0.172765
0.183552
0.167513
0.174231
0.200257
0.119674
0.2216
0.191031
0.136987
0.221141
0.169913
0.142025
0.166938
0.137267
0.180331
0.205689
0.117289
0.162625
0.135969
0.152179
0.181749
0.145067
0.111961
0.235875
0.169098
0.16074
0.173907
0.173215
0.148261
0.19001
0.19689
0.136682
0.192792
0.142029
0.142504
0.243706
0.18207
0.145208
0.154299
0.177253
0.164666
0.135327
0.166029
0.159494
0.163695
0.192596
0.169686
0.159107
0.13669
0.118455
0.2093
0.228515
0.132237
0.146699
0.181359
0.168948
0.175814
0.137365
0.18044
0.173296
0.139131
0.134496
0.185614
0.13295
0.189214
0.183446
0.136808
0.14608
0.154883
0.178276
0.12468
0.14338
0.181543
0.160146
0.140647
0.178958
0.168208
0.136093
0.155886
0.154585
0.16688
0.156112
0.138341
0.154447
0.194783
0.214274
0.17874
0.108522
0.186654
0.179395
0.194072
0.127521
0.181802
0.149155
0.155913
0.179359
0.126168
0.123958
0.128621
0.157581
0.204918
0.220121
0.230969
0.103363
0.159804
0.175473
0.139495
0.190338
0.175948
0.157299
0.190976
0.16133
0.123591
0.132398
0.205821
0.172491
0.154854
0.162274
0.160323
0.165343
0.185131
0.16929
0.123744
0.144756
0.173205
0.140317
0.121997
0.189242
0.178206
0.158357
0.145478
0.171208
0.129255
0.213204
0.137765
0.135157
0.146297
0.137427
0.151867
0.142561
0.162868
0.158947
0.157064
0.148773
0.156792
0.178659
0.188204
0.174522
0.185547
0.201146
0.176711
0.160913
0.163422
0.175805
0.165297
0.166626
0.139388
0.205003
0.143116
0.167583
0.152706
0.153788
0.221551
0.179309
0.244008
0.154822
0.168712
0.166692
0.147441
0.185231
0.176164
0.120703
0.173667
0.162244
0.2207
0.167014
0.188228
0.188804
0.170069
0.135087
0.143264
0.151496
0.198965
0.166176
0.234213
0.149651
0.167201
0.162083
0.228791
0.227749
0.137824
0.141861
0.141971
0.191364
0.138333
0.133482
0.170987
0.195206
0.186261
0.174245
0.21007
0.182054
0.186757
0.122568
0.144669
0.192078
0.171178
0.183379
0.114637
0.120405
0.138133
0.204069
0.184745
0.161905
0.166692
0.123213
0.198012
0.212026
0.136391
0.119025
0.18026
0.0999857
0.147965
0.166922
0.196544
0.194302
0.139539
0.203504
0.189252
0.156799
0.169915
0.138279
0.126434
0.179232
0.13412
0.163676
0.135719
0.148177
0.162672
0.155929
0.151549
0.129177
0.190111
0.136565
0.151041
0.182911
0.130758
0.150451
0.122628
0.193383
0.165295
0.126651
0.20598
0.150453
0.113768
0.21225
0.213633
0.176008
0.159911
0.188784
0.167899
0.165397
0.198698
0.179449
0.14696
0.210305
0.17966
0.1825
0.17082
0.193536
0.172504
0.170998
0.210809
0.166511
0.143779
0.217645
0.125808
0.154436
0.202653
0.156453
0.165693
0.145805
0.216484
0.181954
0.151535
0.139917
0.164631
0.166555
0.180846
0.123605
0.148082
0.133087
0.149153
0.163444
0.159033
0.216404
0.14902
0.18231
0.157282
0.13306
0.186349
0.189316
0.184834
0.133223
0.19775
0.160877
0.167288
0.168807
0.176297
0.155487
0.167645
0.111674
0.188279
0.129464
0.206557
0.222662
0.156275
0.172698
0.149626
0.145476
0.18643
0.189332
0.16977
0.172723
0.161971
0.181089
0.189342
0.160401
0.18278
0.176159
0.153287
0.137182
0.175743
0.158909
0.199278
0.152913
0.167149
0.144136
0.156073
0.188694
0.153045
0.145735
0.153419
0.14494
0.147692
0.161566
0.185295
0.184212
0.195806
0.179919
0.198155
0.189109
0.120121
0.186937
0.159114
0.169869
0.167622
0.148177
0.157881
0.0902783
0.186807
0.140921
0.167808
0.165217
0.145605
0.174105
0.15037
0.176252
0.186589
0.161663
0.212209
0.155225
0.235612
0.163999
0.204135
0.150135
0.126733
0.174177
0.173588
0.16185
0.23193
0.177574
0.13829
0.158949
0.155459
0.175242
0.168039
0.194402
0.195526
0.170409
0.169131
0.194344
0.11475
0.169678
0.159748
0.125841
0.179227
0.160807
0.140624
0.154787
0.145434
0.159597
0.12215
0.167351
0.163387
0.174241
0.157092
0.125223
0.125796
0.167323
0.206535
0.180363
0.177916
0.177527
0.15742
0.212423
0.165286
0.182805
0.152012
0.143227
0.162167
0.186481
0.190676
0.138973
0.154925
0.183935
0.176702
0.228123
0.181618
0.18564
0.133967
0.164676
0.119989
0.14061
0.157531
0.169741
0.195818
0.157323
0.244371
0.144724
0.189209
0.166092
0.167521
0.177555
0.213433
0.158581
0.214098
0.104759
0.112745
0.124236
0.145297
0.15953
0.0983047
0.130517
0.136054
0.151668
0.176553
0.179615
0.155827
0.197801
0.128951
0.224692
0.169224
0.180111
0.108089
0.1548
0.19889
0.182654
0.186334
0.180458
0.165956
0.188426
0.171585
0.148885
0.156386
0.214311
0.145792
0.135639
0.203762
0.150125
0.163351
0.110255
0.129244
0.119587
0.145796
0.152404
0.17494
0.171375
0.16907
0.151659
0.155597
0.157995
0.153244
0.178415
0.192481
0.194306
0.12943
0.182583
0.120533
0.115556
0.159916
0.139628
0.136248
0.17296
0.146901
0.126409
0.175788
0.182175
0.217019
0.157983
0.163628
0.168343
0.150888
0.151166
0.185037
0.145349
0.179811
0.181909
0.132129
0.184588
0.210134
0.149956
0.108344
0.138419
0.161764
0.121728
0.140341
0.14797
0.212198
0.140669
0.133732
0.195411
0.164058
0.179177
0.152553
0.204635
0.145754
0.148185
0.209529
0.174778
0.165218
0.163783
0.116811
0.225067
0.154137
0.129828
0.196734
0.182919
0.159796
0.167464
0.181238
0.193261
0.172029
0.170659
0.187791
0.207904
0.193742
0.200435
0.163838
0.249403
0.164478
0.195937
0.150403
0.166258
0.137846
0.163445
0.198652
0.195244
0.197148
0.164078
0.114882
0.16811
0.178622
0.134161
0.197405
0.172495
0.151608
0.205419
0.136585
0.187997
0.158671
0.172866
0.214199
0.220762
0.183617
0.222522
0.181675
0.253719
0.197843
0.140137
0.222777
0.135529
0.182906
0.171742
0.204755
0.168649
0.186812
0.181015
0.183825
0.158545
0.225495
0.141234
0.235381
0.167286
0.219098
0.177156
0.131755
0.15289
0.125673
0.125758
0.137186
0.134649
0.177309
0.235978
0.155261
0.127157
0.18877
0.181869
0.103829
0.18704
0.215515
0.216653
0.169318
0.157328
0.177931
0.158477
0.193762
0.16686
0.123348
0.136255
0.163683
0.192152
0.179216
0.166623
0.139704
0.147027
0.179348
0.156117
0.174557
0.152383
0.120267
0.144207
0.157919
0.184452
0.207825
0.125758
0.199575
0.155741
0.143634
0.186952
0.14794
0.130864
0.159972
0.134235
0.194215
0.172219
0.17439
0.177224
0.183027
0.20809
0.171229
0.16147
0.152369
0.162013
0.17021
0.131796
0.14165
0.149511
0.129652
0.179217
0.227542
0.161683
0.188509
0.181971
0.182714
0.166004
0.159944
0.140816
0.167238
0.140827
0.142249
0.170196
0.166431
0.133876
0.19075
0.151202
0.190483
0.229712
0.187938
0.174502
0.179018
0.23294
0.168807
0.142203
0.161214
0.138237
0.162737
0.156522
0.149617
0.13849
0.182895
0.145037
0.122395
0.214033
0.137308
0.135673
0.12246
0.194951
0.148662
0.194018
0.170585
0.152227
0.245241
0.195066
0.185711
0.223659
0.131839
0.183604
0.184461
0.157052
0.169076
0.134961
0.14727
0.200229
0.130198
0.191311
0.178099
0.143945
0.175888
0.155468
0.150187
0.133223
0.162811
0.122683
0.170071
0.195903
0.151841
0.117436
0.160748
0.181831
0.167919
0.189107
0.173886
0.190073
0.234617
0.206298
0.190735
0.172334
0.182559
0.185289
0.234901
0.223217
0.105298
0.179553
0.142411
0.150978
0.161093
0.148765
0.165484
0.160342
0.137267
0.1721
0.176007
0.180544
0.195985
0.182504
0.161943
0.170566
0.210915
0.156084
0.18174
0.168818
0.153593
0.16183
0.138439
0.190963
0.126366
0.157168
0.147139
0.165281
0.178783
0.145398
0.163351
0.146452
0.143814
0.157071
0.165028
0.149865
0.157583
0.159712
0.15259
0.145071
0.165273
0.176998
0.159649
0.23658
0.159073
0.126851
0.106567
0.126723
0.173577
0.147604
0.134758
0.178825
0.129365
0.165104
0.182804
0.147853
0.162626
0.18208
0.184602
0.149679
0.132174
0.153574
0.229349
0.178802
0.183054
0.17813
0.129821
0.147192
0.154788
0.174989
0.149814
0.209546
0.179362
0.161216
0.148539
0.201671
0.194479
0.176906
0.204651
0.163578
0.230459
0.121145
0.199863
0.160538
0.141081
0.145718
0.151993
0.189211
0.152273
0.17759
0.169962
0.138795
0.190625
0.167577
0.178464
0.203139
0.141591
0.1382
0.191238
0.144162
0.145372
0.212092
0.200698
0.135375
0.173367
0.194598
0.133533
0.185755
0.194229
0.192592
0.125221
0.150306
0.189475
0.157642
0.190401
0.198725
0.151737
0.164644
0.145816
0.166682
0.180362
0.137974
0.185421
0.168639
0.159559
0.165644
0.120864
0.203489
0.155386
0.156767
0.1427
0.154577
0.202154
0.162202
0.178737
0.156861
0.158147
0.141508
0.179144
0.151907
0.144323
0.128107
0.176402
0.133123
0.149974
0.176155
0.0772306
0.178789
0.144013
0.177707
0.167411
0.19238
0.140287
0.139217
0.172312
0.138291
0.147358
0.134571
0.197863
0.170757
0.166896
0.151848
0.150985
0.183621
0.197935
0.143425
0.208283
0.179243
0.137979
0.139689
0.194147
0.179325
0.173159
0.18161
0.160328
0.168074
0.192544
0.192985
0.182644
0.155168
0.19223
0.185411
0.175087
0.182893
0.153838
0.207844
0.171241
0.149775
0.135366
0.186588
0.167116
0.173569
0.163273
0.179942
0.148631
0.165075
0.156391
0.122082
0.141705
0.1574
0.216992
0.181487
0.17303
0.180871
0.155768
0.130012
0.142041
0.187924
0.142532
0.126274
0.157405
0.199045
0.159482
0.158801
0.212829
0.158545
0.137105
0.120562
0.110906
0.139888
0.166831
0.142092
0.176031
0.200377
0.167393
0.199933
0.148094
0.184882
0.154772
0.150408
0.232144
0.19478
0.194258
0.178968
0.164613
0.112222
0.141965
0.170712
0.240642
0.203006
0.238166
0.127405
0.157061
0.235282
0.142413
0.128599
0.153674
0.147246
0.172191
0.181665
0.166521
0.173307
0.200436
0.118421
0.222514
0.191185
0.13729
0.217156
0.173611
0.14118
0.166017
0.136699
0.180207
0.207759
0.117309
0.162367
0.133759
0.153944
0.182237
0.145135
0.110879
0.235273
0.169008
0.160409
0.172503
0.172088
0.146214
0.189946
0.198856
0.136997
0.192646
0.1417
0.141978
0.241993
0.17965
0.1453
0.154255
0.175916
0.166642
0.134887
0.165408
0.159724
0.161818
0.192296
0.16847
0.15827
0.136699
0.11653
0.212321
0.228057
0.131638
0.145137
0.181701
0.168712
0.175852
0.1362
0.179644
0.172005
0.139104
0.133496
0.186199
0.133025
0.189392
0.183896
0.135535
0.143107
0.155154
0.177493
0.124778
0.14099
0.179684
0.156991
0.147384
0.180464
0.168962
0.133161
0.152986
0.154395
0.166022
0.15322
0.137422
0.153478
0.215462
0.214091
0.177036
0.108106
0.186275
0.177924
0.193794
0.124194
0.180129
0.147835
0.155968
0.175329
0.125385
0.125265
0.132799
0.156627
0.20449
0.21749
0.23144
0.103945
0.157308
0.17453
0.138684
0.191003
0.176512
0.156597
0.189969
0.159056
0.125348
0.132688
0.204733
0.172094
0.153586
0.161227
0.16082
0.164965
0.184738
0.168549
0.122113
0.144027
0.171487
0.140529
0.124374
0.190067
0.178237
0.157909
0.145147
0.169591
0.129593
0.212556
0.137666
0.133398
0.146183
0.139444
0.151056
0.142011
0.161627
0.158624
0.150848
0.153431
0.155594
0.177224
0.186964
0.172843
0.185169
0.197351
0.177343
0.157379
0.157142
0.181484
0.1637
0.159168
0.140672
0.20304
0.141106
0.166957
0.150658
0.14874
0.213903
0.175397
0.245577
0.158165
0.166375
0.171337
0.147457
0.185278
0.174053
0.11946
0.174484
0.161205
0.220193
0.168303
0.186504
0.188891
0.170017
0.135223
0.14302
0.151273
0.1981
0.162604
0.225367
0.152974
0.164131
0.162239
0.226485
0.229648
0.138931
0.141222
0.141678
0.18973
0.13558
0.130927
0.16799
0.197704
0.185847
0.173066
0.209756
0.182068
0.181565
0.119829
0.140465
0.193583
0.173476
0.184704
0.114398
0.119824
0.139197
0.202716
0.181771
0.159985
0.161391
0.126374
0.19547
0.210692
0.135918
0.118762
0.179843
0.0994359
0.148413
0.166186
0.19522
0.19448
0.139061
0.203121
0.187989
0.156779
0.166745
0.138323
0.123699
0.176279
0.131562
0.159303
0.134259
0.149725
0.160912
0.156483
0.150433
0.129225
0.190158
0.135636
0.149995
0.178403
0.134949
0.149831
0.122052
0.190758
0.16464
0.126528
0.203886
0.149099
0.109108
0.21294
0.214418
0.174859
0.157097
0.178684
0.182525
0.16414
0.196916
0.169192
0.14499
0.199797
0.180431
0.173225
0.170896
0.190867
0.170703
0.169202
0.2079
0.167164
0.127296
0.209952
0.12075
0.145377
0.216345
0.156526
0.164622
0.14612
0.215791
0.175038
0.143883
0.151113
0.161713
0.165818
0.179332
0.122365
0.148629
0.129827
0.146677
0.159804
0.158559
0.213636
0.143672
0.170495
0.163906
0.12404
0.163623
0.178123
0.183746
0.134097
0.192266
0.157323
0.164109
0.167906
0.173639
0.153013
0.168726
0.114189
0.18566
0.131257
0.200605
0.219572
0.156071
0.170806
0.146532
0.143792
0.182198
0.202357
0.16881
0.172408
0.162333
0.178641
0.187442
0.158492
0.181233
0.173247
0.152379
0.135175
0.174554
0.159466
0.193087
0.152844
0.168845
0.143185
0.156401
0.186488
0.150396
0.145976
0.152863
0.143069
0.143525
0.157903
0.181698
0.180507
0.194057
0.17977
0.203126
0.189381
0.119344
0.17971
0.14695
0.164352
0.165599
0.140969
0.153744
0.0922656
0.183338
0.140809
0.161809
0.156964
0.143256
0.165766
0.149701
0.173735
0.193229
0.167489
0.211946
0.133666
0.210935
0.132276
0.223688
0.159421
0.126394
0.188125
0.18994
0.182099
0.213033
0.199933
0.141397
0.160287
0.161511
0.173152
0.176904
0.19899
0.199924
0.170292
0.169678
0.203661
0.113958
0.169224
0.162766
0.124572
0.177714
0.160452
0.141484
0.142427
0.164035
0.170972
0.130928
0.170706
0.164872
0.17332
0.166505
0.128049
0.124122
0.166765
0.212369
0.177224
0.195699
0.173965
0.165488
0.209357
0.166149
0.192557
0.148705
0.145699
0.158469
0.233892
0.192383
0.144677
0.1561
0.181097
0.176578
0.223776
0.203697
0.187895
0.133436
0.163294
0.122901
0.143041
0.157654
0.174096
0.196677
0.16241
0.253283
0.148561
0.192243
0.170189
0.166264
0.176516
0.214285
0.160021
0.213319
0.102318
0.110455
0.133864
0.147195
0.163686
0.102748
0.13057
0.134155
0.152592
0.177866
0.179813
0.155082
0.195257
0.128068
0.231247
0.173421
0.181869
0.107152
0.151845
0.224957
0.195221
0.189244
0.188163
0.170906
0.182342
0.171081
0.152705
0.155459
0.21438
0.153975
0.140469
0.206046
0.150576
0.163374
0.109146
0.129663
0.119573
0.143506
0.152516
0.172324
0.171737
0.180664
0.166697
0.156366
0.161468
0.152653
0.177474
0.195106
0.19712
0.12816
0.185197
0.120091
0.116261
0.158647
0.141949
0.133034
0.171422
0.148459
0.127799
0.181318
0.181736
0.226207
0.154431
0.16792
0.173021
0.152076
0.151026
0.181899
0.144347
0.17763
0.181064
0.134185
0.181178
0.213478
0.150532
0.107714
0.138112
0.164387
0.122541
0.14124
0.147994
0.212671
0.144206
0.126769
0.195624
0.160035
0.189966
0.150215
0.206249
0.145453
0.153087
0.20843
0.179524
0.166805
0.163967
0.117604
0.226586
0.158416
0.132202
0.201085
0.19
0.156447
0.167093
0.179078
0.192469
0.172085
0.179121
0.188437
0.210352
0.193941
0.197097
0.161358
0.250338
0.172248
0.195972
0.146923
0.163728
0.137537
0.167849
0.20317
0.192947
0.197138
0.155721
0.113401
0.166154
0.176451
0.129393
0.19323
0.170295
0.148523
0.213257
0.137642
0.18341
0.160331
0.168402
0.225551
0.219775
0.17164
0.218901
0.193247
0.256914
0.198244
0.13587
0.236726
0.140486
0.165272
0.167285
0.20376
0.17248
0.192709
0.181153
0.184004
0.158663
0.223307
0.148643
0.216513
0.158667
0.236494
0.184978
0.13209
0.155077
0.140435
0.127162
0.137499
0.134585
0.179325
0.235829
0.151832
0.130354
0.186565
0.184111
0.104454
0.189733
0.222266
0.222513
0.168162
0.150382
0.185333
0.148808
0.178722
0.198585
0.123584
0.130231
0.166541
0.191623
0.173864
0.163111
0.12571
0.141472
0.173899
0.1599
0.17069
0.150879
0.118782
0.141611
0.153874
0.171626
0.192684
0.11872
0.182079
0.143837
0.114893
0.1889
0.146277
0.128507
0.154472
0.136358
0.191804
0.174884
0.169323
0.179285
0.176439
0.209628
0.170524
0.163403
0.150821
0.16179
0.168305
0.129719
0.141478
0.148534
0.129484
0.178959
0.232879
0.1617
0.189608
0.186042
0.172844
0.161417
0.157773
0.144844
0.165401
0.137466
0.137542
0.169023
0.165469
0.133862
0.190536
0.150309
0.185522
0.22395
0.183823
0.17157
0.176357
0.217328
0.162535
0.160485
0.16079
0.130392
0.139465
0.201966
0.158275
0.138282
0.168674
0.118636
0.106762
0.204335
0.132719
0.136739
0.118789
0.16522
0.127053
0.190393
0.13826
0.0995352
0.261109
0.207663
0.172563
0.201148
0.165069
0.19058
0.159111
0.133946
0.172861
0.124828
0.157834
0.204149
0.133128
0.195293
0.174683
0.147868
0.174313
0.156514
0.145807
0.134063
0.162759
0.126263
0.17169
0.194949
0.155195
0.117754
0.159138
0.185937
0.167518
0.194166
0.17759
0.187088
0.255683
0.210757
0.194925
0.17718
0.192973
0.188538
0.238146
0.219337
0.106567
0.183347
0.145019
0.151095
0.16415
0.148329
0.167399
0.145069
0.135185
0.179299
0.175657
0.182882
0.195439
0.184567
0.164217
0.170122
0.214228
0.156031
0.181261
0.172536
0.155392
0.164622
0.144139
0.184371
0.135249
0.157156
0.14589
0.164654
0.181789
0.144865
0.1626
0.144362
0.14775
0.156338
0.164193
0.147511
0.160169
0.160651
0.149956
0.146903
0.162586
0.179043
0.159767
0.239806
0.171455
0.128519
0.109212
0.125175
0.177906
0.147386
0.134956
0.179273
0.128668
0.162587
0.183572
0.149936
0.161982
0.179384
0.184387
0.149984
0.134626
0.153218
0.229573
0.181534
0.182552
0.178183
0.130512
0.149274
0.15512
0.17854
0.150444
0.206335
0.18441
0.161994
0.147059
0.204896
0.198345
0.184427
0.207948
0.167403
0.213844
0.122439
0.200514
0.155893
0.1487
0.130205
0.139987
0.208614
0.158539
0.191095
0.161001
0.122423
0.191557
0.153943
0.166962
0.177218
0.115484
0.110855
0.173406
0.127433
0.108434
0.178201
0.152671
0.141366
0.157796
0.149007
0.16033
0.19181
0.241953
0.200558
0.121967
0.145981
0.189113
0.153577
0.189639
0.195684
0.143136
0.149655
0.156155
0.172683
0.148916
0.143312
0.204409
0.172682
0.166515
0.157548
0.11923
0.206219
0.153211
0.154802
0.145401
0.155334
0.205673
0.156312
0.176696
0.152996
0.157737
0.139458
0.180251
0.149624
0.137865
0.127958
0.173576
0.134026
0.148397
0.176136
0.0771591
0.178963
0.139081
0.175972
0.167019
0.190058
0.137317
0.135378
0.172991
0.133228
0.144184
0.12559
0.180194
0.198312
0.172068
0.157413
0.157184
0.175477
0.202497
0.143141
0.209388
0.180795
0.142172
0.140448
0.19745
0.183019
0.172403
0.182485
0.159415
0.166047
0.194321
0.193649
0.181592
0.156917
0.193767
0.185655
0.178535
0.18078
0.153549
0.210993
0.175134
0.151152
0.135607
0.186283
0.164621
0.175185
0.160813
0.181244
0.149192
0.162776
0.157569
0.123131
0.137199
0.157546
0.219881
0.18536
0.175161
0.181254
0.15426
0.128369
0.140727
0.186593
0.144129
0.127859
0.158965
0.20243
0.158852
0.159291
0.21215
0.17131
0.136192
0.117351
0.111879
0.142085
0.166994
0.142002
0.175266
0.205767
0.170114
0.205093
0.149877
0.180858
0.160513
0.150667
0.231131
0.197412
0.19201
0.174843
0.16945
0.113218
0.14208
0.171415
0.24171
0.20506
0.240464
0.128368
0.159201
0.234603
0.142872
0.126686
0.153319
0.143479
0.17513
0.187238
0.1688
0.177244
0.200074
0.12046
0.223568
0.18933
0.137302
0.224348
0.171948
0.142506
0.168711
0.1379
0.178009
0.207154
0.11817
0.161773
0.136859
0.149832
0.177385
0.144228
0.11187
0.234516
0.167906
0.161292
0.173175
0.172421
0.147284
0.188495
0.197844
0.14088
0.193995
0.144565
0.142757
0.243636
0.183583
0.144308
0.155639
0.178432
0.164616
0.137546
0.164564
0.159469
0.163919
0.188687
0.177354
0.159557
0.136318
0.11848
0.210123
0.22827
0.132148
0.148167
0.289569
0.177762
0.247417
0.13784
0.167309
0.183229
0.167714
0.186799
0.203491
0.139337
0.191171
0.185178
0.137917
0.170635
0.210892
0.201775
0.116471
0.155605
0.179961
0.165708
0.139546
0.179838
0.16431
0.145177
0.142467
0.169151
0.189888
0.170625
0.140741
0.156434
0.19405
0.217161
0.185715
0.12866
0.194339
0.192277
0.211132
0.118253
0.185754
0.150873
0.151725
0.180296
0.130661
0.126105
0.129755
0.186698
0.231934
0.256054
0.227782
0.103296
0.161726
0.20023
0.13984
0.187382
0.175227
0.156166
0.193793
0.161448
0.142357
0.140359
0.218878
0.198085
0.17496
0.184668
0.16365
0.165564
0.184658
0.168602
0.124202
0.155732
0.202877
0.159885
0.117312
0.195406
0.184784
0.160171
0.147271
0.171755
0.127686
0.213645
0.139767
0.14964
0.148881
0.140306
0.155684
0.153629
0.175327
0.151253
0.165909
0.147293
0.158002
0.181312
0.186344
0.18446
0.209732
0.23803
0.199024
0.158077
0.177758
0.172986
0.16868
0.16412
0.139
0.207616
0.13917
0.177686
0.133621
0.197631
0.227693
0.182287
0.241586
0.153298
0.170122
0.164744
0.148996
0.176062
0.182922
0.110728
0.171881
0.163331
0.224121
0.157332
0.21407
0.197465
0.170306
0.135144
0.140869
0.169432
0.199442
0.170755
0.229902
0.156448
0.171923
0.159023
0.240554
0.23958
0.155107
0.141731
0.143166
0.195003
0.147053
0.158659
0.185899
0.186017
0.201558
0.180188
0.215484
0.179
0.191863
0.124425
0.145374
0.18952
0.173586
0.186212
0.112358
0.124016
0.122977
0.22674
0.185383
0.166781
0.179105
0.12948
0.218892
0.214491
0.138078
0.118245
0.182346
0.0998027
0.148626
0.166452
0.199509
0.192288
0.141601
0.201464
0.188789
0.156985
0.170602
0.138559
0.127406
0.17959
0.132815
0.165366
0.134187
0.148291
0.162985
0.157189
0.152538
0.128778
0.192193
0.139936
0.151728
0.184231
0.133059
0.150885
0.123634
0.193033
0.16456
0.126764
0.206496
0.148949
0.115229
0.211729
0.212999
0.176882
0.160433
0.189326
0.166536
0.166665
0.197795
0.18604
0.14662
0.208781
0.18109
0.195094
0.172031
0.194442
0.172575
0.177644
0.203681
0.178298
0.134567
0.219366
0.123716
0.152839
0.190826
0.157083
0.163946
0.14493
0.255784
0.180311
0.147415
0.29163
0.176084
0.169355
0.178077
0.123284
0.147131
0.129547
0.149124
0.163338
0.161255
0.21693
0.153816
0.180282
0.165428
0.127385
0.187411
0.193747
0.187903
0.133443
0.194466
0.159219
0.16646
0.168944
0.17317
0.15237
0.169476
0.113509
0.187255
0.130093
0.202533
0.224063
0.158999
0.175832
0.146878
0.146374
0.185181
0.185168
0.169818
0.173055
0.162893
0.179691
0.187828
0.160821
0.182082
0.178672
0.151365
0.137747
0.174834
0.160041
0.199945
0.155003
0.165577
0.144383
0.155419
0.188476
0.151111
0.145861
0.153881
0.145188
0.148787
0.164177
0.179848
0.183413
0.194588
0.179183
0.196332
0.185506
0.118537
0.194036
0.167089
0.170762
0.167322
0.149615
0.159932
0.0883728
0.184976
0.140506
0.168782
0.163477
0.144401
0.175598
0.148609
0.176875
0.186348
0.16052
0.211422
0.154684
0.230116
0.170689
0.205123
0.150111
0.128582
0.175615
0.174343
0.168298
0.208105
0.19857
0.137852
0.156828
0.15434
0.173682
0.287785
0.205996
0.193228
0.170052
0.170056
0.198626
0.113169
0.169072
0.162263
0.126473
0.178731
0.158586
0.139261
0.155622
0.144216
0.158445
0.121893
0.166307
0.162602
0.174005
0.157751
0.125258
0.126202
0.167712
0.208324
0.178538
0.178141
0.176128
0.157014
0.211258
0.165178
0.181059
0.152501
0.14459
0.159604
0.19458
0.193599
0.135077
0.155212
0.180899
0.177301
0.224605
0.185202
0.185209
0.133574
0.164084
0.121565
0.140202
0.156894
0.168769
0.198334
0.158524
0.245421
0.144981
0.187654
0.166878
0.166135
0.178016
0.211634
0.159615
0.213579
0.104164
0.112193
0.125817
0.145204
0.158702
0.0986946
0.125638
0.135057
0.152144
0.17459
0.179677
0.155818
0.197295
0.125813
0.231691
0.170449
0.180236
0.106572
0.152391
0.207012
0.185664
0.18637
0.180417
0.168388
0.1856
0.169369
0.147575
0.183252
0.217561
0.147092
0.14833
0.202474
0.148845
0.161236
0.109891
0.123455
0.117621
0.148392
0.163283
0.188313
0.173534
0.181879
0.151235
0.158793
0.163254
0.154816
0.17937
0.189245
0.190033
0.12593
0.181933
0.122745
0.11616
0.156024
0.145215
0.132403
0.176897
0.146871
0.129139
0.171561
0.190352
0.221678
0.153243
0.173785
0.16693
0.147887
0.148011
0.166959
0.166147
0.188801
0.179431
0.133505
0.183781
0.207641
0.14649
0.110305
0.139304
0.158524
0.119683
0.140211
0.142501
0.213081
0.151642
0.138573
0.198072
0.15455
0.182336
0.150696
0.204939
0.134481
0.155691
0.209606
0.176876
0.167707
0.162576
0.115805
0.223464
0.157316
0.134794
0.198675
0.1903
0.156154
0.167431
0.176919
0.192647
0.166064
0.171275
0.188935
0.205175
0.194261
0.198029
0.166423
0.250262
0.164743
0.195332
0.150032
0.166601
0.136068
0.165313
0.201964
0.192649
0.196365
0.162899
0.116545
0.170109
0.178321
0.132357
0.196043
0.173021
0.151269
0.206006
0.137306
0.186024
0.15845
0.169473
0.215304
0.222656
0.178551
0.217541
0.187387
0.251157
0.203185
0.14503
0.22227
0.138692
0.165513
0.167329
0.202619
0.170628
0.190557
0.180922
0.18424
0.158154
0.223318
0.149039
0.233735
0.166479
0.224003
0.184267
0.130286
0.154118
0.138074
0.126761
0.137108
0.134816
0.176691
0.235049
0.151711
0.129413
0.188929
0.183165
0.103233
0.188508
0.220337
0.220962
0.16642
0.169512
0.177678
0.154926
0.193201
0.161493
0.125958
0.135066
0.167103
0.191389
0.178958
0.166174
0.139305
0.14802
0.18012
0.156679
0.174761
0.149344
0.12248
0.145952
0.157124
0.184746
0.204786
0.128951
0.19668
0.156846
0.1444
0.189588
0.147051
0.131195
0.159479
0.133357
0.192057
0.173031
0.175489
0.177779
0.175378
0.207802
0.171698
0.157186
0.155996
0.161839
0.169668
0.132213
0.142926
0.150071
0.132101
0.179466
0.224954
0.163675
0.186705
0.182324
0.17896
0.166443
0.160232
0.141317
0.166854
0.143672
0.143905
0.169961
0.16642
0.133186
0.19067
0.151762
0.190392
0.228175
0.187085
0.173027
0.178092
0.23064
0.168423
0.14159
0.162736
0.138413
0.162242
0.156876
0.156791
0.1318
0.187744
0.143294
0.120395
0.213153
0.139763
0.134342
0.120991
0.195223
0.15109
0.194142
0.166414
0.228021
0.239376
0.214516
0.207675
0.231874
0.121843
0.202119
0.181806
0.145121
0.163493
0.12337
0.171427
0.201384
0.133889
0.189232
0.173346
0.141789
0.182183
0.162198
0.153059
0.133136
0.160562
0.12578
0.170415
0.193887
0.155564
0.115999
0.158495
0.179082
0.175993
0.192486
0.194688
0.17677
0.234373
0.212769
0.199684
0.178931
0.203148
0.191323
0.239342
0.219952
0.107521
0.182998
0.147341
0.150796
0.166188
0.148653
0.168026
0.144186
0.135055
0.178799
0.177058
0.184013
0.196578
0.184496
0.164445
0.170706
0.213509
0.155784
0.182488
0.172626
0.155186
0.164807
0.146427
0.183467
0.13665
0.15741
0.14797
0.163594
0.182052
0.145829
0.163849
0.144048
0.149381
0.157273
0.164605
0.148236
0.159648
0.160598
0.148763
0.146628
0.16316
0.181478
0.159419
0.240197
0.179561
0.129724
0.108803
0.124972
0.177448
0.147141
0.135487
0.18092
0.12954
0.161959
0.184309
0.150051
0.162115
0.179348
0.184407
0.149856
0.135594
0.154099
0.229702
0.181752
0.182665
0.180505
0.130785
0.148165
0.158006
0.178051
0.149659
0.206851
0.183311
0.1635
0.146515
0.203508
0.193521
0.184957
0.205581
0.165445
0.213185
0.12109
0.200157
0.157367
0.145352
0.147974
0.152222
0.188397
0.151248
0.193772
0.170328
0.139731
0.198657
0.163524
0.176496
0.197162
0.168393
0.137025
0.19399
0.138734
0.14534
0.212512
0.199145
0.135364
0.174199
0.195401
0.132679
0.185006
0.199512
0.194117
0.1247
0.147404
0.188788
0.152837
0.189103
0.197446
0.14941
0.164861
0.149754
0.167225
0.187622
0.137813
0.185447
0.167244
0.158106
0.166047
0.120954
0.202767
0.15324
0.156824
0.143977
0.153816
0.202525
0.163607
0.176157
0.153407
0.156189
0.138749
0.178113
0.148514
0.148295
0.12842
0.172589
0.132497
0.153675
0.176488
0.0762586
0.178809
0.143702
0.17811
0.166816
0.191721
0.138279
0.137146
0.179631
0.136449
0.147247
0.134266
0.196242
0.170283
0.165393
0.150654
0.1495
0.184131
0.208415
0.142034
0.207703
0.180034
0.136307
0.138437
0.193375
0.17899
0.167873
0.183741
0.211425
0.165388
0.22365
0.201489
0.18827
0.150302
0.19531
0.19837
0.179639
0.202197
0.163302
0.21663
0.17073
0.149414
0.1352
0.182772
0.159216
0.172363
0.168038
0.177792
0.151265
0.173834
0.153005
0.117632
0.142376
0.166824
0.221599
0.170388
0.181468
0.189967
0.151112
0.130485
0.148831
0.186889
0.143618
0.125424
0.158875
0.195336
0.160142
0.157232
0.206076
0.157278
0.129752
0.12566
0.120033
0.142545
0.18033
0.140838
0.167719
0.201636
0.176713
0.202781
0.14644
0.181213
0.158106
0.148543
0.230407
0.198689
0.190308
0.173036
0.161108
0.116492
0.141432
0.166423
0.243275
0.193922
0.26443
0.12473
0.175019
0.238661
0.143378
0.132603
0.153268
0.146794
0.17266
0.187206
0.170849
0.169982
0.195915
0.118693
0.222326
0.188409
0.13323
0.203193
0.168072
0.146199
0.178741
0.13149
0.18611
0.215417
0.12068
0.163994
0.139385
0.147843
0.184397
0.145346
0.115613
0.234528
0.173309
0.165002
0.169341
0.168109
0.144062
0.181502
0.202068
0.138123
0.192727
0.147178
0.149835
0.243191
0.189723
0.140463
0.153104
0.174207
0.156472
0.140699
0.165056
0.170956
0.160902
0.19749
0.166247
0.149247
0.131567
0.115472
0.207151
0.237597
0.141554
0.155398
0.178637
0.171303
0.178174
0.141119
0.17893
0.175783
0.130997
0.1414
0.182862
0.127816
0.195641
0.183782
0.144523
0.139799
0.15396
0.173656
0.123315
0.143704
0.180491
0.163665
0.141725
0.177536
0.164645
0.15026
0.151182
0.159063
0.164377
0.153142
0.142684
0.156561
0.188717
0.211905
0.172259
0.112025
0.190546
0.186554
0.195101
0.123262
0.182907
0.148243
0.15691
0.174421
0.125502
0.11973
0.11937
0.175252
0.208322
0.214549
0.229267
0.104396
0.152596
0.176297
0.136698
0.186728
0.172995
0.164203
0.189756
0.164098
0.122488
0.14256
0.20797
0.174895
0.153106
0.169486
0.157064
0.158966
0.177396
0.172675
0.13184
0.141266
0.176983
0.139234
0.120993
0.18716
0.179187
0.159816
0.148457
0.168308
0.129195
0.214026
0.143687
0.133979
0.145272
0.135128
0.152915
0.141513
0.162635
0.161626
0.151231
0.158825
0.167112
0.18072
0.186388
0.175691
0.185453
0.206715
0.182248
0.165532
0.165717
0.177762
0.170544
0.153281
0.135735
0.222605
0.146973
0.165074
0.145793
0.158398
0.226938
0.185299
0.23845
0.155499
0.169892
0.17375
0.149462
0.178492
0.180913
0.118975
0.172012
0.162441
0.229275
0.163188
0.188537
0.185131
0.170057
0.137685
0.153037
0.153833
0.202548
0.162481
0.231046
0.149858
0.17375
0.156244
0.24463
0.228329
0.136803
0.142784
0.142364
0.188317
0.139697
0.133347
0.178004
0.194245
0.185004
0.181131
0.203601
0.175691
0.188678
0.129513
0.140209
0.196876
0.177462
0.182058
0.116363
0.124182
0.135757
0.203908
0.176015
0.159385
0.172198
0.12435
0.198196
0.215348
0.139164
0.121699
0.183288
0.104512
0.149376
0.16229
0.208906
0.196393
0.13747
0.200342
0.193283
0.156584
0.168144
0.144293
0.12935
0.177474
0.131488
0.162647
0.133111
0.150592
0.167269
0.156689
0.153084
0.132308
0.190832
0.134448
0.154036
0.185436
0.128975
0.146721
0.122904
0.197559
0.171012
0.124463
0.204772
0.150485
0.119761
0.210036
0.218911
0.17439
0.164472
0.191579
0.165214
0.172823
0.205049
0.171889
0.149659
0.208943
0.17741
0.177564
0.167814
0.196768
0.172961
0.173255
0.216187
0.170776
0.129506
0.227405
0.123729
0.151103
0.212263
0.157438
0.164603
0.149002
0.22249
0.185583
0.155204
0.140843
0.164854
0.170139
0.183815
0.12344
0.146956
0.131612
0.150315
0.162822
0.165599
0.216974
0.153161
0.18407
0.163306
0.129468
0.189092
0.204831
0.189789
0.136618
0.189077
0.153285
0.154436
0.178067
0.184015
0.160715
0.173134
0.117239
0.190422
0.128068
0.200587
0.221253
0.15101
0.173235
0.170362
0.146988
0.18748
0.188014
0.172526
0.173705
0.164265
0.17929
0.188466
0.162027
0.182962
0.181908
0.152523
0.137978
0.17513
0.16265
0.198206
0.156678
0.168201
0.146917
0.155132
0.190834
0.149545
0.140247
0.152061
0.144207
0.15097
0.162351
0.177036
0.182145
0.192761
0.174626
0.197284
0.181648
0.125408
0.187538
0.159338
0.169655
0.169631
0.150132
0.16435
0.0863688
0.181083
0.16782
0.172414
0.160978
0.140962
0.174245
0.147722
0.180129
0.184611
0.160628
0.210298
0.154955
0.240001
0.165671
0.207599
0.151234
0.127295
0.173287
0.18123
0.171528
0.210884
0.188722
0.140569
0.160905
0.154136
0.189305
0.171402
0.195898
0.195212
0.173664
0.173966
0.204771
0.119562
0.16577
0.164651
0.121974
0.178347
0.161621
0.129967
0.149992
0.146452
0.160386
0.130305
0.171634
0.162979
0.174491
0.156106
0.121035
0.12791
0.165773
0.215938
0.176099
0.17351
0.178916
0.15891
0.212521
0.179246
0.187882
0.154732
0.147707
0.160653
0.188757
0.188847
0.132166
0.162111
0.191569
0.176166
0.237779
0.18314
0.185322
0.135537
0.16399
0.119377
0.142507
0.151838
0.163201
0.198316
0.156866
0.256637
0.147868
0.18794
0.16685
0.164852
0.179553
0.212717
0.162255
0.216338
0.107853
0.112227
0.121161
0.14575
0.162765
0.0998559
0.126667
0.137633
0.150145
0.175826
0.178132
0.154112
0.204019
0.131956
0.220277
0.171406
0.180512
0.105099
0.155749
0.196544
0.195671
0.18709
0.178127
0.174833
0.186345
0.171814
0.14893
0.15634
0.214459
0.150688
0.131302
0.204292
0.152631
0.168727
0.113674
0.129137
0.118852
0.148619
0.155623
0.171832
0.176163
0.166649
0.164107
0.160041
0.1605
0.154405
0.178022
0.189364
0.196844
0.13038
0.179106
0.124612
0.120475
0.162871
0.145427
0.133619
0.175462
0.15446
0.126545
0.176043
0.185647
0.215535
0.159667
0.160522
0.174953
0.150384
0.148128
0.193501
0.149338
0.181888
0.179359
0.132329
0.188894
0.208822
0.148454
0.108213
0.137059
0.161031
0.121932
0.14066
0.153804
0.205856
0.141706
0.133762
0.193686
0.166227
0.175701
0.156657
0.205433
0.150797
0.14937
0.206447
0.169967
0.161733
0.162635
0.123371
0.22434
0.149813
0.143539
0.203793
0.191499
0.158799
0.166036
0.178044
0.194412
0.166182
0.17034
0.192546
0.205574
0.199374
0.197661
0.166788
0.244444
0.167015
0.195882
0.150055
0.161919
0.135285
0.161096
0.197099
0.186471
0.195705
0.178064
0.116897
0.173336
0.174793
0.134349
0.193869
0.171035
0.150784
0.205485
0.13588
0.184961
0.161193
0.169128
0.216634
0.223381
0.174575
0.222609
0.182914
0.249501
0.199106
0.132895
0.227762
0.143441
0.163202
0.168953
0.202973
0.168017
0.189313
0.17687
0.182017
0.160686
0.227488
0.143707
0.237465
0.165427
0.218349
0.180132
0.130051
0.152787
0.138511
0.126675
0.131786
0.134467
0.179861
0.233418
0.153582
0.129997
0.187613
0.181187
0.10441
0.186471
0.218988
0.225154
0.165288
0.163944
0.179948
0.15707
0.190542
0.164203
0.12375
0.135121
0.167576
0.191522
0.177876
0.167101
0.139083
0.149616
0.180533
0.15362
0.174551
0.147961
0.121183
0.137904
0.159589
0.183123
0.207569
0.127585
0.1974
0.158389
0.145523
0.189496
0.144524
0.130869
0.158813
0.132097
0.189338
0.172485
0.17614
0.178725
0.174378
0.209117
0.168791
0.153875
0.154894
0.162395
0.16751
0.130978
0.140902
0.149036
0.131146
0.176729
0.221481
0.160408
0.180011
0.173
0.198168
0.164336
0.161854
0.142014
0.167553
0.143521
0.14592
0.166824
0.170652
0.129408
0.190474
0.151452
0.188243
0.230775
0.184173
0.197692
0.17686
0.228781
0.172522
0.143188
0.162514
0.138
0.158218
0.156351
0.156074
0.134056
0.179537
0.138102
0.120406
0.215789
0.134364
0.131949
0.117654
0.201036
0.14759
0.192785
0.167248
0.151604
0.243624
0.193422
0.185852
0.215735
0.13858
0.181161
0.176858
0.154724
0.168404
0.122852
0.181512
0.189962
0.129755
0.184219
0.172636
0.142974
0.177002
0.157782
0.148474
0.130554
0.160727
0.11998
0.170077
0.190782
0.148329
0.116336
0.159175
0.182992
0.165678
0.181492
0.159715
0.197832
0.237062
0.199797
0.183398
0.161104
0.179484
0.170049
0.213675
0.216997
0.252945
0.210989
0.151779
0.157219
0.164342
0.151299
0.179187
0.169041
0.137502
0.166553
0.174743
0.16851
0.18427
0.18395
0.15858
0.169016
0.213327
0.154429
0.178247
0.162777
0.151779
0.164754
0.126683
0.186165
0.125561
0.151236
0.139184
0.163332
0.165524
0.131356
0.165986
0.138752
0.141775
0.153411
0.168174
0.144817
0.154263
0.151568
0.149185
0.145729
0.162226
0.153977
0.166928
0.261004
0.14179
0.12626
0.105943
0.121225
0.165091
0.146398
0.133206
0.163107
0.123358
0.165304
0.15355
0.173617
0.155639
0.180286
0.183444
0.138962
0.127343
0.142883
0.213535
0.160863
0.175669
0.183885
0.133343
0.132451
0.167054
0.159156
0.127871
0.194298
0.165941
0.136185
0.120164
0.205299
0.234011
0.18546
0.183742
0.1295
0.184331
0.129811
0.180905
0.18078
0.171957
0.198503
0.155781
0.204286
0.154184
0.198388
0.167501
0.143828
0.197369
0.162948
0.175208
0.189418
0.17652
0.135886
0.205543
0.142829
0.148379
0.216056
0.198002
0.143911
0.174459
0.201196
0.135047
0.178699
0.169943
0.21029
0.133159
0.138491
0.204659
0.160725
0.190307
0.207913
0.158326
0.171283
0.163699
0.162098
0.171106
0.151967
0.197455
0.170599
0.163733
0.168502
0.130848
0.208195
0.154948
0.143977
0.149371
0.161352
0.212678
0.150828
0.182396
0.153489
0.159338
0.141053
0.183285
0.146892
0.1393
0.125026
0.160916
0.136225
0.141616
0.182386
0.0896808
0.188339
0.14424
0.186715
0.169264
0.191724
0.144271
0.142149
0.174321
0.137327
0.148442
0.135036
0.199617
0.172138
0.168179
0.15143
0.14831
0.165676
0.229616
0.143143
0.210975
0.172349
0.154769
0.141623
0.202474
0.191957
0.168844
0.194657
0.166173
0.17139
0.194385
0.1929
0.184736
0.148589
0.18782
0.18404
0.178795
0.184393
0.154595
0.214379
0.182452
0.150242
0.14052
0.183644
0.170407
0.191072
0.162856
0.187642
0.14465
0.158522
0.168845
0.122521
0.138196
0.156912
0.223843
0.182731
0.174139
0.182651
0.156128
0.130003
0.143051
0.189949
0.14681
0.12521
0.158169
0.197629
0.159626
0.170457
0.220591
0.153889
0.139842
0.11888
0.116101
0.148336
0.167997
0.13925
0.187778
0.210404
0.168813
0.205628
0.148733
0.186327
0.143659
0.154472
0.232489
0.191987
0.194508
0.175207
0.161328
0.120076
0.151966
0.162694
0.243213
0.205506
0.23517
0.132407
0.158615
0.23362
0.142214
0.124567
0.15307
0.147192
0.175597
0.195961
0.16802
0.178058
0.196293
0.125695
0.225452
0.193092
0.148187
0.228489
0.16471
0.135543
0.171132
0.139256
0.1772
0.205765
0.118513
0.162076
0.137453
0.149928
0.18924
0.151167
0.111675
0.234973
0.168212
0.163693
0.174658
0.169389
0.148175
0.193813
0.19262
0.142011
0.197091
0.144436
0.147576
0.244353
0.188444
0.14337
0.159748
0.18065
0.168403
0.135855
0.163715
0.156052
0.160246
0.189323
0.196037
0.156089
0.131155
0.115854
0.219015
0.233377
0.127485
0.143862
0.191381
0.172771
0.176071
0.138934
0.180385
0.172092
0.140625
0.131651
0.187033
0.129904
0.193269
0.183272
0.138678
0.142899
0.154553
0.175081
0.139542
0.142801
0.1766
0.15142
0.138764
0.17463
0.174274
0.153883
0.143505
0.168712
0.157944
0.152136
0.135608
0.156241
0.188319
0.207081
0.171968
0.105821
0.176176
0.16656
0.194038
0.119735
0.163792
0.156186
0.146016
0.176669
0.119779
0.111872
0.150891
0.164727
0.208922
0.223865
0.23718
0.111951
0.135367
0.190394
0.151673
0.202994
0.173105
0.155663
0.191627
0.173972
0.123069
0.132366
0.212247
0.164717
0.150323
0.152065
0.171834
0.168423
0.1875
0.167964
0.129526
0.15125
0.174494
0.140673
0.124067
0.188851
0.178175
0.158178
0.144963
0.169167
0.130633
0.218318
0.138027
0.137997
0.146771
0.13758
0.158285
0.14248
0.162299
0.162861
0.154734
0.154585
0.158306
0.178394
0.190267
0.177001
0.188803
0.204548
0.178259
0.161505
0.161033
0.168682
0.172924
0.162822
0.136774
0.206122
0.140062
0.173851
0.162649
0.150485
0.220202
0.175252
0.251847
0.165874
0.16934
0.157526
0.142369
0.18019
0.17038
0.11688
0.171544
0.149351
0.211101
0.174043
0.174886
0.196673
0.161826
0.124719
0.127787
0.144434
0.201797
0.164996
0.232078
0.149296
0.160715
0.154795
0.201558
0.205977
0.125531
0.129892
0.174971
0.187902
0.17063
0.124644
0.172662
0.217964
0.172748
0.19135
0.191792
0.176814
0.173272
0.128852
0.155085
0.200147
0.170672
0.185832
0.118694
0.113766
0.141383
0.205792
0.180865
0.15619
0.171356
0.121114
0.200003
0.226251
0.137492
0.120624
0.177522
0.0986751
0.145811
0.144163
0.168356
0.174194
0.101643
0.182194
0.143025
0.127286
0.121741
0.129885
0.0908335
0.131967
0.0982793
0.108109
0.114289
0.117945
0.150961
0.185413
0.0935856
0.17251
0.17489
0.139072
0.120318
0.139512
0.109706
0.135749
0.092506
0.155026
0.112274
0.0967956
0.155542
0.110146
0.0874107
0.14985
0.134414
0.17013
0.104005
0.141394
0.160128
0.227893
0.21145
0.255118
0.187719
0.245501
0.180459
0.169402
0.176276
0.185972
0.17947
0.174034
0.214974
0.17232
0.147984
0.211228
0.119264
0.144107
0.178216
0.149441
0.153943
0.138799
0.210952
0.181616
0.145085
0.131092
0.146863
0.159159
0.157053
0.113848
0.149113
0.124363
0.142438
0.153382
0.150012
0.221179
0.133185
0.139746
0.110918
0.0836218
0.111374
0.135545
0.143247
0.119147
0.216185
0.195812
0.145918
0.137673
0.171843
0.109172
0.136905
0.106435
0.169089
0.178028
0.197696
0.224449
0.1612
0.178905
0.137026
0.145211
0.189632
0.18555
0.172893
0.170607
0.163507
0.175421
0.189101
0.161874
0.184105
0.180033
0.148071
0.137708
0.176115
0.159461
0.19892
0.153825
0.165513
0.144024
0.145093
0.189003
0.150177
0.144065
0.154771
0.144222
0.14681
0.165012
0.1764
0.18358
0.190895
0.179727
0.196379
0.187468
0.119969
0.185414
0.159489
0.170722
0.165405
0.147421
0.157472
0.0876556
0.184678
0.139412
0.159766
0.162379
0.144892
0.173417
0.145724
0.17574
0.183393
0.159564
0.20586
0.152656
0.235249
0.165578
0.204202
0.14235
0.112167
0.177313
0.164503
0.16598
0.260133
0.202937
0.149748
0.149534
0.158642
0.171711
0.147579
0.158386
0.14687
0.125822
0.141486
0.1497
0.0727641
0.133795
0.108049
0.0948259
0.116111
0.103144
0.0965235
0.108228
0.106344
0.122899
0.100326
0.127238
0.105708
0.152281
0.140144
0.100729
0.110537
0.127713
0.141114
0.130133
0.107277
0.150857
0.109485
0.185608
0.131208
0.11286
0.150234
0.158484
0.185639
0.144098
0.163697
0.108736
0.101877
0.106243
0.106245
0.13342
0.118498
0.173303
0.121797
0.154122
0.121673
0.150516
0.155584
0.169583
0.201682
0.163322
0.257071
0.148835
0.195374
0.170602
0.168301
0.180409
0.21517
0.162781
0.218708
0.107849
0.102381
0.101156
0.109573
0.155651
0.0856661
0.0976509
0.118555
0.14001
0.182494
0.173522
0.161597
0.206107
0.135419
0.219625
0.168398
0.178741
0.104093
0.151946
0.196927
0.184967
0.18404
0.194344
0.178586
0.184563
0.17269
0.149653
0.163908
0.214595
0.14221
0.141767
0.198798
0.148198
0.159129
0.112606
0.12483
0.124431
0.139073
0.152162
0.184648
0.172503
0.159299
0.141688
0.129521
0.130325
0.126438
0.154285
0.116925
0.110291
0.112153
0.129733
0.101778
0.110804
0.109904
0.0938322
0.10303
0.125681
0.110609
0.0900938
0.109083
0.119737
0.123365
0.112323
0.111196
0.112278
0.0873745
0.126444
0.119985
0.0809451
0.138416
0.107136
0.131353
0.135372
0.132312
0.110593
0.0978771
0.125224
0.0918785
0.0961007
0.0908322
0.10728
0.117562
0.139929
0.0762578
0.112256
0.10786
0.113468
0.221019
0.220329
0.148655
0.150182
0.194618
0.174906
0.168241
0.183879
0.125767
0.232598
0.163459
0.135419
0.206411
0.204927
0.156793
0.169037
0.174989
0.139991
0.124094
0.11297
0.116376
0.136799
0.188547
0.169714
0.146021
0.247965
0.171161
0.188485
0.166474
0.172168
0.143479
0.171011
0.203311
0.195337
0.211646
0.166859
0.123576
0.175674
0.182487
0.124903
0.198034
0.187718
0.161741
0.207252
0.148633
0.192092
0.159246
0.166321
0.214086
0.21619
0.192234
0.210413
0.19141
0.250953
0.214446
0.142925
0.215542
0.130447
0.157633
0.166553
0.202216
0.17308
0.16746
0.138083
0.299135
0.281286
0.357509
0.186273
0.28342
0.249397
0.209041
0.221531
0.161757
0.200465
0.131973
0.169156
0.113504
0.141426
0.171367
0.222253
0.133935
0.130059
0.199978
0.170247
0.0955224
0.17334
0.193285
0.169896
0.126039
0.125221
0.133719
0.127892
0.139676
0.120751
0.102478
0.113796
0.128609
0.129167
0.11555
0.110722
0.128416
0.13998
0.125761
0.0955276
0.168911
0.204628
0.124595
0.153475
0.15871
0.191064
0.168364
0.080453
0.146357
0.117477
0.110007
0.131314
0.0973904
0.0851639
0.178109
0.139178
0.201714
0.165753
0.17614
0.171997
0.172201
0.198088
0.176499
0.133289
0.140395
0.135361
0.119198
0.0962446
0.0819014
0.0898217
0.0991076
0.0897868
0.175091
0.101916
0.104932
0.110068
0.107342
0.113303
0.164869
0.157618
0.154713
0.0895115
0.11615
0.105026
0.122631
0.0936025
0.157664
0.127659
0.161498
0.137244
0.104241
0.0717779
0.162761
0.157223
0.0973625
0.149405
0.181542
0.140818
0.164363
0.167509
0.154676
0.136221
0.196888
0.148103
0.123032
0.217535
0.145703
0.138665
0.122806
0.196948
0.153766
0.198803
0.17205
0.156663
0.24698
0.200161
0.186512
0.224804
0.144865
0.196329
0.184403
0.158427
0.18025
0.137821
0.150412
0.199312
0.132866
0.20044
0.178913
0.145396
0.178096
0.158907
0.147634
0.131572
0.165935
0.125874
0.176205
0.198035
0.156147
0.120521
0.163651
0.184964
0.167589
0.178832
0.181988
0.190268
0.261645
0.208982
0.204455
0.168843
0.190332
0.192473
0.255437
0.222086
0.103363
0.176223
0.160465
0.146005
0.172379
0.145637
0.168962
0.154406
0.13415
0.168589
0.166047
0.179274
0.209077
0.191585
0.176743
0.177278
0.221795
0.154215
0.180811
0.181365
0.150436
0.193901
0.147967
0.180766
0.146593
0.157848
0.144366
0.163334
0.18318
0.15437
0.161839
0.146978
0.148327
0.155751
0.170674
0.149219
0.15769
0.161368
0.152784
0.13774
0.168297
0.187799
0.155212
0.233134
0.182597
0.138998
0.109304
0.120624
0.18349
0.143051
0.134785
0.185976
0.131034
0.16522
0.187329
0.14878
0.170232
0.185028
0.184091
0.168141
0.141131
0.153192
0.235822
0.181082
0.185159
0.175361
0.131764
0.156421
0.149467
0.176604
0.151411
0.206421
0.182717
0.164314
0.159563
0.201366
0.21717
0.193442
0.21575
0.17224
0.218406
0.122564
0.196207
0.163923
0.148118
0.155418
0.153098
0.196151
0.167339
0.190143
0.170588
0.154657
0.200415
0.159379
0.165568
0.217608
0.161684
0.133275
0.19547
0.138902
0.166299
0.223956
0.203388
0.143139
0.179774
0.205816
0.136367
0.205622
0.201436
0.217961
0.128422
0.148332
0.19315
0.14737
0.19697
0.188511
0.154062
0.169208
0.151237
0.176652
0.192138
0.141421
0.190801
0.160915
0.153263
0.16158
0.119397
0.210588
0.14605
0.161689
0.156934
0.158991
0.203728
0.163786
0.183686
0.172308
0.16407
0.146233
0.184669
0.150938
0.143506
0.124812
0.181465
0.127132
0.16336
0.176649
0.0750481
0.181553
0.146672
0.189839
0.168511
0.197626
0.14123
0.132496
0.177406
0.143507
0.15185
0.13448
0.20079
0.172048
0.173707
0.156579
0.155285
0.187991
0.23316
0.148854
0.213847
0.180836
0.145193
0.139449
0.193483
0.179216
0.182444
0.183399
0.15525
0.164047
0.194764
0.196533
0.177042
0.156868
0.205163
0.187391
0.180381
0.178195
0.153441
0.212715
0.181408
0.152908
0.137602
0.193764
0.181592
0.188897
0.163795
0.180788
0.157519
0.158009
0.156689
0.126943
0.136556
0.156911
0.226724
0.189186
0.174115
0.184374
0.155887
0.130022
0.143695
0.188891
0.146098
0.129332
0.167247
0.208543
0.164103
0.167376
0.20243
0.172079
0.141919
0.11736
0.109963
0.137961
0.169159
0.139659
0.179401
0.205086
0.180843
0.207393
0.164962
0.179929
0.165811
0.154666
0.226854
0.202539
0.203698
0.172758
0.166914
0.113183
0.150668
0.185605
0.239948
0.208209
0.252118
0.126209
0.161063
0.236897
0.132889
0.13468
0.159993
0.139605
0.179191
0.201688
0.176332
0.180866
0.195852
0.122586
0.221919
0.195706
0.142209
0.216203
0.161834
0.158877
0.167428
0.133959
0.180917
0.219402
0.125127
0.167129
0.138002
0.156434
0.187764
0.145934
0.107899
0.244768
0.17383
0.165365
0.170417
0.17566
0.140447
0.193433
0.198744
0.138264
0.19422
0.147524
0.147811
0.247642
0.189405
0.146833
0.149574
0.18707
0.160763
0.139867
0.183954
0.156592
0.165294
0.181515
0.187797
0.161313
0.134789
0.12033
0.20306
0.234239
0.142488
0.15892
0.177102
0.166111
0.178034
0.140733
0.184986
0.171202
0.142534
0.136838
0.183182
0.134701
0.190924
0.179947
0.137576
0.139773
0.170768
0.181697
0.144862
0.149446
0.192058
0.163254
0.145376
0.181492
0.163654
0.144997
0.152857
0.160984
0.169253
0.156451
0.145957
0.155711
0.1914
0.21896
0.182216
0.113248
0.192456
0.185733
0.194751
0.137329
0.183327
0.157978
0.154479
0.178027
0.119898
0.132391
0.124485
0.161098
0.206309
0.22348
0.248086
0.101121
0.163816
0.172484
0.148946
0.195253
0.176557
0.156568
0.190777
0.160848
0.122807
0.138055
0.227435
0.175826
0.150083
0.164726
0.172452
0.167873
0.179042
0.173144
0.126695
0.144546
0.165546
0.132485
0.119904
0.19889
0.178898
0.148522
0.144426
0.168358
0.139406
0.206406
0.150164
0.133998
0.149434
0.138566
0.151964
0.148123
0.161491
0.159342
0.151414
0.15742
0.1566
0.178395
0.193884
0.176192
0.193882
0.205527
0.172938
0.159834
0.168198
0.189045
0.171087
0.159616
0.138245
0.21673
0.143916
0.173115
0.153563
0.175271
0.22579
0.183717
0.242096
0.161151
0.162154
0.171062
0.144288
0.180914
0.173824
0.12252
0.180331
0.165823
0.222918
0.167309
0.192821
0.192751
0.17459
0.134224
0.148041
0.152525
0.201294
0.171065
0.234724
0.151619
0.171802
0.157893
0.235271
0.22181
0.134779
0.147499
0.150041
0.190027
0.143534
0.139381
0.175681
0.205382
0.189128
0.175171
0.217365
0.181177
0.189765
0.120718
0.143575
0.188573
0.176611
0.182729
0.115622
0.121853
0.136699
0.211075
0.191249
0.162694
0.164014
0.127604
0.195483
0.224253
0.133096
0.123784
0.178288
0.101376
0.142831
0.165901
0.200708
0.186555
0.139251
0.210954
0.194336
0.157733
0.171669
0.138558
0.129854
0.178654
0.131993
0.168035
0.134169
0.147053
0.156432
0.155496
0.14456
0.140056
0.199942
0.130285
0.148348
0.179284
0.13561
0.150911
0.120868
0.19093
0.168298
0.128092
0.209937
0.148678
0.118232
0.208458
0.21474
0.180734
0.160551
0.183536
0.172897
0.161256
0.196892
0.173408
0.146834
0.212313
0.201405
0.187039
0.171736
0.190402
0.172795
0.169081
0.222313
0.172244
0.132248
0.216754
0.125406
0.159448
0.20337
0.157906
0.167921
0.152734
0.221668
0.182168
0.16212
0.144185
0.167046
0.170012
0.181897
0.125572
0.149292
0.132287
0.152528
0.164563
0.163016
0.215222
0.160118
0.187648
0.164532
0.125115
0.189548
0.192344
0.187501
0.135115
0.194016
0.164733
0.171798
0.168832
0.17054
0.151801
0.168606
0.128909
0.188902
0.129632
0.208953
0.224825
0.168025
0.177735
0.145962
0.146386
0.191609
0.185955
0.170658
0.175281
0.165386
0.179408
0.191565
0.157978
0.192074
0.18328
0.147581
0.143054
0.173719
0.171964
0.200678
0.154878
0.167271
0.150973
0.153487
0.192884
0.151573
0.145749
0.155873
0.14388
0.150262
0.162306
0.184087
0.181417
0.197485
0.178658
0.203726
0.189663
0.126609
0.187538
0.160764
0.16793
0.16503
0.149665
0.166604
0.0893379
0.185478
0.140146
0.171546
0.170017
0.150162
0.171298
0.153464
0.177248
0.195205
0.160807
0.216047
0.146475
0.23264
0.159484
0.20119
0.155002
0.140735
0.176333
0.173096
0.170831
0.210706
0.190745
0.143284
0.158848
0.157632
0.175504
0.168896
0.196757
0.189751
0.171333
0.172004
0.19663
0.115083
0.169214
0.161614
0.121619
0.178178
0.162021
0.143377
0.155587
0.138957
0.148066
0.11535
0.172555
0.158916
0.164551
0.161863
0.128161
0.125323
0.164278
0.209024
0.168574
0.203524
0.175124
0.159353
0.208901
0.165999
0.180371
0.152856
0.149629
0.160377
0.189582
0.199141
0.134667
0.158527
0.18646
0.17523
0.237912
0.16332
0.193634
0.131916
0.155535
0.119126
0.1437
0.157256
0.170291
0.197479
0.16311
0.253136
0.14897
0.187424
0.168673
0.165531
0.17986
0.210315
0.159748
0.213368
0.100872
0.110653
0.12151
0.152632
0.158159
0.0981249
0.130895
0.136861
0.158369
0.176462
0.178771
0.154014
0.205827
0.127144
0.225485
0.167033
0.181766
0.107741
0.161446
0.210462
0.191431
0.18886
0.180319
0.170839
0.192525
0.169425
0.147291
0.15083
0.21488
0.143413
0.142036
0.204965
0.152142
0.165731
0.110331
0.126607
0.120154
0.139673
0.149786
0.175029
0.164022
0.182748
0.158411
0.162064
0.16069
0.147296
0.175712
0.189692
0.189526
0.136228
0.190157
0.116529
0.116185
0.154896
0.139447
0.139338
0.17107
0.146089
0.126689
0.179731
0.182584
0.218647
0.151406
0.16308
0.173159
0.150745
0.150919
0.177588
0.146822
0.183336
0.183323
0.133004
0.181801
0.212413
0.155344
0.109469
0.13861
0.161007
0.121199
0.137922
0.145443
0.218561
0.138541
0.130042
0.203476
0.163795
0.176316
0.16034
0.2028
0.139303
0.151987
0.217092
0.173616
0.15969
0.162399
0.120299
0.229381
0.148073
0.127391
0.193004
0.184164
0.160685
0.166048
0.178483
0.190472
0.166499
0.165728
0.190392
0.205272
0.192922
0.200012
0.166714
0.245556
0.167017
0.187367
0.150067
0.170774
0.139789
0.165844
0.192483
0.187949
0.200468
0.167885
0.115008
0.172516
0.176596
0.134991
0.199894
0.170869
0.151444
0.202426
0.133558
0.189309
0.16877
0.173516
0.219999
0.207714
0.165289
0.239665
0.179252
0.249156
0.191275
0.137787
0.202649
0.132605
0.163824
0.188795
0.21575
0.169192
0.174796
0.18454
0.190939
0.148757
0.220345
0.147967
0.241668
0.182415
0.214923
0.171578
0.143467
0.153949
0.133347
0.124962
0.134527
0.130174
0.174877
0.2299
0.153866
0.130772
0.18786
0.187247
0.102185
0.183292
0.213396
0.219102
0.155742
0.158512
0.17489
0.148353
0.190711
0.166584
0.132585
0.13221
0.163554
0.184989
0.176732
0.165357
0.134228
0.144535
0.175235
0.160973
0.176131
0.151833
0.120064
0.135797
0.171814
0.172907
0.200338
0.129254
0.197077
0.142714
0.154783
0.182343
0.144264
0.121246
0.161023
0.131868
0.192419
0.170891
0.169088
0.162996
0.407517
0.209245
0.170955
0.146513
0.160579
0.156761
0.159229
0.1289
0.141501
0.148751
0.127463
0.168414
0.205787
0.152527
0.182624
0.173394
0.178511
0.156867
0.151528
0.155935
0.185336
0.134769
0.147265
0.169478
0.177613
0.135568
0.187139
0.152742
0.192657
0.220499
0.181492
0.169693
0.178907
0.226791
0.161525
0.14058
0.151935
0.129276
0.156805
0.143736
0.140703
0.139485
0.18589
0.131562
0.257695
0.206118
0.140697
0.142204
0.123238
0.192548
0.146832
0.187264
0.167345
0.144526
0.237455
0.185529
0.186261
0.207361
0.132088
0.178399
0.191384
0.154413
0.155059
0.125646
0.14726
0.20331
0.130504
0.182712
0.167583
0.135549
0.173835
0.156282
0.146895
0.130575
0.172876
0.145122
0.168337
0.191668
0.15408
0.107073
0.154357
0.185957
0.1681
0.18133
0.158178
0.18127
0.23985
0.192908
0.177662
0.178451
0.186157
0.169543
0.218243
0.222031
0.0968513
0.169014
0.136416
0.142925
0.153691
0.142912
0.14413
0.153249
0.164581
0.160952
0.180033
0.173054
0.184979
0.184075
0.149206
0.159766
0.208808
0.15053
0.175758
0.175033
0.176529
0.162124
0.149706
0.194537
0.116998
0.141553
0.143412
0.170479
0.169752
0.147012
0.16093
0.143378
0.140776
0.155537
0.163379
0.144965
0.154746
0.150672
0.148336
0.144824
0.161506
0.161696
0.159387
0.235202
0.149067
0.124988
0.100887
0.120182
0.162597
0.147085
0.132175
0.156196
0.122667
0.151846
0.3664
0.135394
0.157911
0.187781
0.183503
0.141276
0.126316
0.144708
0.21137
0.181278
0.183899
0.182264
0.129915
0.145
0.157705
0.171973
0.143835
0.1951
0.183361
0.155964
0.142279
0.187928
0.189068
0.154414
0.227784
0.163652
0.198419
0.122708
0.193661
0.168176
0.133441
0.131922
0.152912
0.185555
0.154062
0.186479
0.167243
0.13491
0.189856
0.151782
0.167237
0.169669
0.265607
0.13659
0.170238
0.125622
0.143507
0.18932
0.219215
0.125656
0.171736
0.186581
0.12986
0.175423
0.208952
0.192479
0.1181
0.139798
0.171279
0.139255
0.179808
0.182671
0.132263
0.191321
0.158222
0.172422
0.15902
0.146418
0.174975
0.157374
0.151173
0.190385
0.117556
0.200474
0.146338
0.154088
0.134071
0.153104
0.200894
0.163762
0.173558
0.149097
0.15077
0.135184
0.167709
0.14762
0.145126
0.123946
0.143017
0.155298
0.137018
0.169262
0.0719438
0.175163
0.13544
0.170246
0.161501
0.181398
0.132189
0.126006
0.211241
0.140332
0.1399
0.138056
0.187409
0.167037
0.1681
0.143851
0.140244
0.137433
0.300063
0.169611
0.19295
0.177103
0.127724
0.144589
0.187369
0.170954
0.162625
0.175642
0.157544
0.162496
0.186686
0.174962
0.169442
0.161402
0.18269
0.178996
0.16885
0.177265
0.139465
0.201443
0.17689
0.141609
0.118585
0.168285
0.126097
0.234726
0.17117
0.192196
0.157057
0.178894
0.155912
0.116904
0.141004
0.150959
0.206001
0.157868
0.160202
0.178937
0.140064
0.114758
0.127717
0.148149
0.139546
0.127723
0.144892
0.159982
0.331851
0.160356
0.194882
0.170578
0.122843
0.127755
0.102714
0.116207
0.152482
0.148182
0.153452
0.184227
0.180449
0.172299
0.128641
0.191892
0.129096
0.137531
0.211622
0.179113
0.136501
0.12306
0.165972
0.105734
0.192589
0.147753
0.240157
0.204742
0.187514
0.111223
0.122061
0.206937
0.147409
0.139009
0.150469
0.130011
0.11906
0.197438
0.193123
0.160273
0.141935
0.151755
0.2302
0.154073
0.152331
0.187407
0.162243
0.144526
0.139918
0.150756
0.156354
0.175376
0.134289
0.161644
0.091173
0.150784
0.128821
0.112361
0.0966497
0.200713
0.137572
0.101403
0.153796
0.104397
0.117921
0.146994
0.201451
0.168935
0.19564
0.145885
0.126284
0.217714
0.137214
0.0987653
0.11967
0.118399
0.111379
0.0959888
0.16309
0.182463
0.147537
0.169447
0.179518
0.158751
0.138186
0.110119
0.189999
0.218425
0.128485
0.13081
0.171882
0.154305
0.169009
0.111103
0.169037
0.125656
0.101004
0.0835263
0.116621
0.11445
0.113566
0.114383
0.127409
0.156116
0.0795027
0.0972286
0.125271
0.104116
0.117499
0.090969
0.088648
0.256579
0.231058
0.136148
0.112906
0.167447
0.128421
0.101598
0.0826816
0.10265
0.126432
0.11143
0.115295
0.101657
0.138907
0.104845
0.135232
0.0827765
0.10289
0.0793677
0.0931902
0.0957415
0.204721
0.11323
0.110999
0.137708
0.195679
0.210949
0.22164
0.0898331
0.149738
0.165136
0.125875
0.160974
0.142569
0.116534
0.142713
0.156805
0.127534
0.0836839
0.114097
0.115423
0.0779107
0.0862218
0.0853493
0.0636285
0.0884799
0.0871092
0.100455
0.0790077
0.106752
0.104163
0.13102
0.131277
0.0914035
0.0750106
0.0681878
0.0711507
0.0779777
0.0872998
0.0896235
0.0899594
0.130084
0.0649752
0.0741127
0.0838652
0.125932
0.0688377
0.0896783
0.0906802
0.0822681
0.109408
0.0887548
0.0939313
0.101697
0.0869743
0.079288
0.102422
0.127914
0.0701389
0.0989541
0.0873266
0.0718827
0.153273
0.0758287
0.243317
0.281393
0.188185
0.113976
0.0915062
0.110126
0.0904382
0.0965331
0.0702278
0.100477
0.0946793
0.0997988
0.0548421
0.0989371
0.0933581
0.0986092
0.092854
0.0819464
0.079075
0.10997
0.0721715
0.149327
0.169827
0.249023
0.212693
0.270954
0.18114
0.190445
0.178984
0.249539
0.222648
0.15342
0.172903
0.157837
0.195242
0.117288
0.153257
0.165164
0.165249
0.18756
0.138144
0.213099
0.173538
0.171171
0.116833
0.126358
0.174253
0.155973
0.166431
0.114916
0.110998
0.116969
0.190142
0.153246
0.114412
0.121719
0.102316
0.156482
0.16012
0.103485
0.0855575
0.140463
0.0746749
0.0923488
0.133725
0.13191
0.126734
0.0742592
0.132841
0.0940986
0.100356
0.0953249
0.100722
0.0945814
0.102439
0.0845063
0.0810216
0.100704
0.0904335
0.0974521
0.0840292
0.0693173
0.065218
0.0833924
0.130591
0.0911475
0.0801143
0.0627486
0.0854334
0.064404
0.088994
0.0776685
0.0710977
0.0833751
0.0675598
0.0822278
0.104636
0.106841
0.0736592
0.0664237
0.0786642
0.075348
0.0888977
0.0713707
0.155314
0.119813
0.119337
0.0745672
0.074482
0.0724884
0.0605767
0.0779305
0.0769086
0.135406
0.198324
0.205336
0.0995449
0.0999545
0.0864153
0.0935086
0.0856882
0.0728045
0.0744264
0.0915873
0.068884
0.0719361
0.0699413
0.0910265
0.0757296
0.0881726
0.0681903
0.0702756
0.106391
0.113332
0.10642
0.0846786
0.104385
0.0984502
0.134999
0.0587837
0.0760917
0.0636126
0.123857
0.0881827
0.0618178
0.0758827
0.0980109
0.0618458
0.0671429
0.189669
0.118464
0.0980167
0.0670612
0.0910648
0.0761299
0.113908
0.0689697
0.0584171
0.0560093
0.0991232
0.053654
0.0818792
0.0712506
0.0781643
0.0819493
0.0780342
0.092657
0.139279
0.0852049
0.089809
0.0791342
0.0755916
0.0519439
0.114414
0.0582982
0.0825985
0.0631082
0.192597
0.0729565
0.0776919
0.0758647
0.0827848
0.0625999
0.0656343
0.0475684
0.0619309
0.0749758
0.079589
0.0800635
0.0642061
0.0623298
0.129534
0.0775398
0.0626446
0.0699887
0.10272
0.0912071
0.0747447
0.0824133
0.107725
0.0698312
0.0897954
0.0710812
0.0739551
0.0551249
0.138865
0.0910544
0.077533
0.0874564
0.138415
0.100332
0.121704
0.0848612
0.110505
0.086045
0.0857296
0.0774671
0.0594052
0.056695
0.0854365
0.0485085
0.0786934
0.0558823
0.0830324
0.103986
0.0728402
0.0703959
0.0885883
0.0644937
0.0798612
0.0606653
0.0599581
0.0601421
0.0716393
0.0827542
0.0603537
0.0670275
0.0842678
0.0657008
0.0950129
0.0784428
0.096901
0.0932604
0.0641443
0.0779945
0.0797462
0.055534
0.0393643
0.0664487
0.0660155
0.0871897
0.0604526
0.0555118
0.0633905
0.0858983
0.0714012
0.0750448
0.0773058
0.0830367
0.0542704
0.113751
0.048581
0.103527
0.107688
0.0690141
0.0706446
0.0731069
0.0638333
0.0944942
0.0804256
0.0827252
0.0598449
0.0811526
0.052434
0.0570386
0.0796257
0.0962954
0.102749
0.0773453
0.0964709
0.0691763
0.0681668
0.0646548
0.0555295
0.0905679
0.114633
0.0919207
0.0963235
0.0695736
0.0798457
0.0684007
0.0944252
0.0738798
0.0623729
0.0505741
0.0429104
0.13477
0.117664
0.141938
0.117892
0.101571
0.0839207
0.157439
0.129219
0.0934153
0.0609949
0.0883302
0.0910331
0.143146
0.0957757
0.0951551
0.0815026
0.0586342
0.0700358
0.0788469
0.0840296
0.125729
0.0874353
0.0975482
0.117353
0.0845031
0.0958745
0.110534
0.116655
0.0823483
0.080555
0.0860262
0.101574
0.0929257
0.12088
0.171536
0.103787
0.0960518
0.0846794
0.0834795
0.112368
0.12481
0.0962836
0.104636
0.0736202
0.0616525
0.0851269
0.06868
0.0713565
0.0817959
0.0758405
0.0939652
0.0718646
0.0801596
0.0992414
0.0827911
0.13731
0.0793362
0.0585783
0.0832593
0.0609597
0.04714
0.0732333
0.0634131
0.0814863
0.086335
0.0523067
0.0919044
0.0581029
0.0587545
0.0712561
0.0754735
0.0390886
0.0789612
0.0860054
0.118338
0.0766999
0.0567974
0.0652679
0.0744794
0.0662361
0.0743102
0.0612643
0.0702163
0.0810917
0.122957
0.0806376
0.0697093
0.0418695
0.0699737
0.0709569
0.0677888
0.0911273
0.0591088
0.0920487
0.0782384
0.0802676
0.289582
0.0825783
0.106282
0.104357
0.112037
0.0827429
0.0907641
0.0791409
0.101237
0.0806559
0.078993
0.0648587
0.0615575
0.073132
0.0810423
0.0623445
0.072894
0.115964
0.115022
0.0665472
0.0509054
0.165636
0.0897305
0.13653
0.109096
0.104821
0.109582
0.0712636
0.109198
0.103147
0.0948389
0.123273
0.0760696
0.0742824
0.0580202
0.0588179
0.0796966
0.0557526
0.0625848
0.0857578
0.0735577
0.0490119
0.0736785
0.0686177
0.0661613
0.0612885
0.0747745
0.0712015
0.0348549
0.0736373
0.0635319
0.0725236
0.0565957
0.0626677
0.0745784
0.110932
0.0856191
0.0471559
0.0556226
0.057192
0.0590011
0.0489838
0.0750344
0.0688536
0.0597112
0.0818587
0.0880504
0.0676693
0.0629878
0.0710388
0.0696078
0.111585
0.0605609
0.0614599
0.0564341
0.0712324
0.0477143
0.0482965
0.0655361
0.0709429
0.0624883
0.0507887
0.048949
0.0578599
0.0747809
0.0693408
0.0631239
0.122704
0.058931
0.0573186
0.0544726
0.108012
0.0999455
0.0998238
0.0638276
0.101199
0.0677631
0.0552755
0.0666975
0.0592752
0.0613856
0.0854843
0.0418681
0.0827375
0.0766266
0.0962116
0.0566127
0.091382
0.115747
0.0463004
0.0542757
0.0774406
0.0816177
0.0641133
0.0617867
0.0644085
0.0563838
0.0763053
0.0422737
0.0805747
0.141801
0.0724811
0.0611818
0.0565103
0.0553372
0.0511516
0.0632843
0.0641904
0.0463382
0.0676239
0.0818202
0.095734
0.0529333
0.065435
0.0744264
0.0901738
0.134756
0.0717091
0.052516
0.0584297
0.0680063
0.0415098
0.0647559
0.0562181
0.0409162
0.0548007
0.0671262
0.0541713
0.0546849
0.0796527
0.055887
0.0614637
0.071987
0.0689546
0.05881
0.043776
0.0568583
0.0609034
0.0849776
0.0446925
0.0532951
0.0723863
0.0856675
0.0766457
0.13517
0.0559227
0.147345
0.0838657
0.0690467
0.061908
0.0556613
0.0456355
0.0696347
0.063003
0.0573173
0.120974
0.0448113
0.0632434
0.0602708
0.0561845
0.0401668
0.0551152
0.0595123
0.0736389
0.0642591
0.076392
0.0341958
0.0668346
0.146282
0.0762542
0.0712068
0.0715115
0.0848641
0.0981427
0.0867202
0.0659459
0.0656316
0.0821512
0.060394
0.0710502
0.0511057
0.0668185
0.0892332
0.0529389
0.0585222
0.0605629
0.0643351
0.0578441
0.0488686
0.106169
0.0793898
0.0612021
0.0996002
0.070366
0.051434
0.0603263
0.0715502
0.0538876
0.0631785
0.0709319
0.0589979
0.0541621
0.0888782
0.0711931
0.116322
0.0998683
0.0601591
0.042047
0.048425
0.0501472
0.0643227
0.0513056
0.0513673
0.0482972
0.0503183
0.0566515
0.081898
0.0856476
0.0645073
0.0580974
0.0658597
0.0781187
0.0740558
0.0680077
0.0968339
0.0614234
0.0498451
0.0466554
0.055827
0.0487086
0.0796753
0.0803538
0.0786067
0.078006
0.0694166
0.0507637
0.0505565
0.0506504
0.0964906
0.101339
0.0528862
0.0571869
0.0644
0.16198
0.061382
0.0362039
0.0734586
0.0499786
0.0371735
0.0605262
0.0348732
0.0627368
0.0628672
0.0430603
0.0459714
0.036146
0.0452841
0.0896504
0.155586
0.0576374
0.0347765
0.0569217
0.0375073
0.0644032
0.061078
0.0365193
0.0524799
0.0612071
0.0411526
0.0476504
0.0609598
0.0685886
0.0677717
0.0492839
