1.33528
1.1692
1.17984
1.08146
1.20524
0.976065
1.24262
1.16082
1.15904
0.955501
1.08671
0.912861
1.11152
0.860624
0.833425
1.03026
0.767357
0.799196
0.727845
0.774594
0.75316
0.665554
0.645954
0.791965
0.61355
0.640858
0.639967
0.515198
0.523327
0.677022
0.626336
0.50403
0.449524
0.437061
0.422172
0.263423
0.403575
0.333487
0.256386
0.287544
0.274793
0.200534
0.241687
0.219622
0.194134
0.167269
0.177751
0.179042
0.177253
0.204163
0.158227
0.182898
0.200506
0.156968
0.155895
0.241384
0.161354
0.161312
0.190509
0.239037
0.158527
0.106941
0.167457
0.165935
0.136919
0.190808
0.161141
0.1572
0.175515
0.206148
0.215721
0.154587
0.187266
0.114122
0.174815
0.175808
0.135515
0.169168
0.170536
0.164346
0.172543
0.147516
0.174186
0.190723
0.174114
0.174297
0.154073
0.125853
0.167692
0.200627
0.227543
0.16229
0.167136
0.176563
0.172388
0.132134
0.1232
0.185688
0.173468
0.194115
0.19867
0.173132
0.228603
0.168627
0.156336
0.150656
0.136607
0.211543
0.164468
0.193244
0.175284
0.179173
0.148643
0.203813
0.139417
0.174309
0.178401
0.18816
0.156941
0.100177
0.182056
0.107207
0.184741
0.337678
0.256134
0.186576
0.152291
0.171911
0.136191
0.165123
0.113705
0.197508
0.172891
0.146307
0.246885
0.151061
0.199005
0.158292
0.157968
0.159911
0.176742
0.152232
0.303566
0.268943
0.126382
0.153376
0.167076
0.159785
0.182041
0.204643
0.194355
0.1891
0.184817
0.20496
0.170927
0.154147
0.174685
0.158286
0.139831
0.23224
0.128606
0.140094
0.149099
0.225981
0.141071
0.164745
0.196336
0.152363
0.131966
0.157548
0.182743
0.160934
0.138955
0.23963
0.174059
0.177309
0.170726
0.165414
0.170394
0.143832
0.200975
0.165837
0.189058
0.172065
0.163109
0.230081
0.137278
0.164515
0.226814
0.169293
0.199951
0.176589
0.211174
0.156055
0.148561
0.215038
0.166363
0.184797
0.263874
0.136322
0.166177
0.15349
0.105273
0.169573
0.238307
0.166754
0.162049
0.22556
0.205723
0.135502
0.172321
0.191405
0.201709
0.206264
0.172098
0.129305
0.205161
0.185998
0.177388
0.0896806
0.153957
0.215746
0.163523
0.164654
0.167749
0.187383
0.173866
0.154861
0.194791
0.21151
0.219831
0.152786
0.250456
0.122626
0.230026
0.158575
0.115781
0.17297
0.200176
0.142937
0.249689
0.17423
0.244573
0.147451
0.168501
0.197789
0.198458
0.189609
0.180358
0.167775
0.183815
0.151307
0.159366
0.146125
0.154358
0.157338
0.144676
0.138735
0.200465
0.21482
0.187972
0.154547
0.195965
0.126389
0.222481
0.182764
0.150417
0.153175
0.217497
0.181004
0.161989
0.168857
0.190481
0.132443
0.203378
0.177549
0.145982
0.175924
0.169169
0.16437
0.163843
0.118762
0.214792
0.202388
0.124658
0.171326
0.136562
0.209513
0.16419
0.179514
0.13528
0.114147
0.171137
0.164599
0.146451
0.193565
0.182105
0.14091
0.169829
0.174416
0.18689
0.163441
0.161396
0.179632
0.213258
0.195312
0.1656
0.158136
0.145465
0.181676
0.177294
0.132544
0.14573
0.201146
0.158196
0.210179
0.171325
0.217608
0.176083
0.232093
0.191627
0.193684
0.232274
0.132011
0.134637
0.184647
0.169509
0.20605
0.199422
0.153726
0.129513
0.148325
0.162953
0.220813
0.125806
0.112303
0.150796
0.214365
0.111788
0.191618
0.177608
0.16157
0.192064
0.116146
0.171023
0.195494
0.141739
0.150744
0.142032
0.180458
0.205006
0.141881
0.182431
0.208602
0.207393
0.132372
0.134176
0.180388
0.210941
0.14924
0.138429
0.10525
0.178786
0.225814
0.149911
0.177775
0.186967
0.159973
0.1853
0.182068
0.117434
0.256031
0.117158
0.131964
0.115905
0.161417
0.116234
0.187291
0.195027
0.202263
0.194312
0.173149
0.157293
0.121334
0.202373
0.137571
0.149043
0.169025
0.137542
0.168526
0.150031
0.223785
0.18708
0.146081
0.179925
0.223386
0.224374
0.128204
0.157506
0.166311
0.187823
0.210665
0.15907
0.12422
0.158142
0.152432
0.156543
0.148717
0.200337
0.171655
0.182965
0.190304
0.18294
0.159419
0.213506
0.204027
0.137172
0.172088
0.189126
0.164065
0.143395
0.169825
0.134595
0.201757
0.202202
0.138264
0.188487
0.161132
0.168884
0.218499
0.170337
0.172541
0.209541
0.146865
0.18006
0.213734
0.138869
0.168147
0.125836
0.165642
0.153921
0.141331
0.165949
0.20921
0.139191
0.153165
0.197592
0.168478
0.18933
0.160755
0.153072
0.145852
0.201513
0.171843
0.131871
0.117117
0.106128
0.162962
0.115964
0.136365
0.230737
0.174746
0.119899
0.199129
0.152399
0.202383
0.193201
0.150931
0.168384
0.173171
0.17503
0.150137
0.15378
0.143631
0.119931
0.158062
0.159209
0.129887
0.170166
0.190229
0.133622
0.189287
0.163814
0.174899
0.161588
0.156511
0.167389
0.241021
0.168361
0.150499
0.185222
0.15713
0.159922
0.1998
0.21365
0.197834
0.149776
0.14568
0.204138
0.170549
0.206119
0.155466
0.121756
0.191378
0.101144
0.140529
0.172305
0.188276
0.136826
0.162823
0.134938
0.188058
0.224024
0.149397
0.15441
0.172272
0.161242
0.22484
0.140882
0.130847
0.118116
0.15271
0.132031
0.119694
0.204031
0.145544
0.147152
0.182432
0.183442
0.162403
0.201356
0.179936
0.124559
0.175045
0.177939
0.122509
0.187732
0.170516
0.123447
0.135876
0.167816
0.212413
0.163108
0.210074
0.17402
0.156567
0.171349
0.169633
0.140335
0.19229
0.159868
0.145631
0.153907
0.191901
0.151793
0.166981
0.175549
0.124338
0.176864
0.139962
0.131154
0.146144
0.157033
0.1414
0.172782
0.169943
0.1392
0.178638
0.182363
0.134832
0.199154
0.145101
0.156363
0.208601
0.191145
0.201311
0.162071
0.213038
0.159218
0.225166
0.189062
0.202995
0.110691
0.153153
0.184279
0.209076
0.177524
0.210593
0.212491
0.173176
0.167922
0.18307
0.15393
0.126737
0.16057
0.131458
0.171018
0.106038
0.189216
0.150837
0.16469
0.151247
0.16274
0.140349
0.183485
0.199915
0.145733
0.151865
0.172279
0.166178
0.140985
0.186045
0.184285
0.0984475
0.126604
0.205912
0.163092
0.18671
0.161866
0.159036
0.139763
0.175118
0.119283
0.175668
0.142261
0.166945
0.152089
0.131756
0.115134
0.181477
0.133064
0.193874
0.139057
0.156873
0.183928
0.151284
0.223008
0.163879
0.152758
0.175229
0.164757
0.204258
0.202465
0.181369
0.14492
0.158832
0.160863
0.165895
0.180366
0.199009
0.163503
0.181919
0.199896
0.152788
0.145299
0.253993
0.16034
0.165813
0.19208
0.237963
0.157472
0.111228
0.171051
0.170449
0.136895
0.191705
0.170104
0.156634
0.173917
0.202954
0.214177
0.154653
0.18696
0.114335
0.176613
0.17406
0.13617
0.171421
0.171668
0.163282
0.171583
0.145864
0.174792
0.190085
0.175697
0.16918
0.151884
0.123211
0.157241
0.171518
0.194749
0.151414
0.169128
0.176267
0.158032
0.123444
0.117354
0.17944
0.160463
0.193429
0.197082
0.170778
0.199041
0.145601
0.137392
0.151262
0.137536
0.212502
0.164984
0.196057
0.172127
0.177653
0.150646
0.204114
0.130155
0.176789
0.183215
0.190904
0.157271
0.101198
0.185012
0.106299
0.172712
0.189418
0.167284
0.188244
0.1424
0.167332
0.138047
0.160707
0.112183
0.197154
0.166102
0.148869
0.229139
0.141278
0.199908
0.142616
0.15762
0.160515
0.175236
0.159743
0.209166
0.20158
0.135684
0.148588
0.168888
0.157662
0.180951
0.200544
0.186368
0.191447
0.161223
0.211438
0.170372
0.154166
0.17507
0.157556
0.136377
0.232332
0.123461
0.136532
0.141347
0.221245
0.137866
0.162451
0.207194
0.148084
0.136438
0.161003
0.181923
0.160986
0.140688
0.231808
0.131949
0.121333
0.173129
0.167251
0.169222
0.145879
0.189258
0.158239
0.182981
0.174842
0.159103
0.236437
0.136869
0.168063
0.2164
0.147997
0.184135
0.176333
0.210626
0.154662
0.147065
0.216156
0.153059
0.159193
0.245664
0.139516
0.166778
0.153948
0.101443
0.166684
0.240177
0.161518
0.151661
0.216339
0.193588
0.133353
0.173543
0.190694
0.2037
0.19236
0.160179
0.128286
0.194631
0.154449
0.162157
0.08952
0.151634
0.207833
0.153345
0.163266
0.168804
0.185951
0.168414
0.148246
0.183983
0.196665
0.193577
0.153073
0.250248
0.123129
0.231831
0.157924
0.113902
0.173588
0.198325
0.15014
0.222205
0.14476
0.242564
0.148278
0.169099
0.193441
0.199292
0.187153
0.180734
0.160698
0.16367
0.151265
0.159758
0.144535
0.156217
0.156136
0.145207
0.140602
0.197504
0.194192
0.18674
0.155846
0.1961
0.128172
0.197266
0.19191
0.147827
0.153097
0.203002
0.168163
0.162201
0.167187
0.185786
0.137108
0.195422
0.166431
0.145093
0.183909
0.166679
0.163413
0.164236
0.119914
0.218944
0.197864
0.122383
0.171904
0.136646
0.208364
0.165456
0.178347
0.135631
0.113503
0.170025
0.156373
0.133653
0.194167
0.184587
0.141238
0.16726
0.173126
0.191819
0.161291
0.166227
0.156836
0.214568
0.195384
0.165257
0.154575
0.140653
0.179365
0.176577
0.134171
0.143713
0.19907
0.158755
0.210369
0.171634
0.217686
0.175988
0.232166
0.191337
0.17324
0.206529
0.134111
0.132791
0.203065
0.16969
0.206049
0.197094
0.153295
0.128926
0.143155
0.157059
0.219573
0.126921
0.11457
0.155807
0.209493
0.113173
0.192029
0.17723
0.158315
0.188046
0.115877
0.171386
0.172594
0.139076
0.150787
0.13835
0.178828
0.207286
0.140214
0.181163
0.204893
0.200844
0.127166
0.130436
0.179906
0.209745
0.148937
0.137442
0.106051
0.175991
0.20411
0.147077
0.17688
0.185542
0.157074
0.177498
0.18144
0.121808
0.243882
0.116507
0.132792
0.116456
0.159176
0.125289
0.180932
0.200996
0.201819
0.192922
0.173237
0.158515
0.121278
0.201367
0.137608
0.148942
0.166853
0.133392
0.157137
0.153212
0.217305
0.172495
0.142109
0.183742
0.224898
0.224254
0.126535
0.155912
0.164564
0.186759
0.208476
0.15912
0.124602
0.159939
0.15247
0.155061
0.151785
0.204434
0.170317
0.178897
0.187103
0.183394
0.161723
0.203721
0.189969
0.133669
0.171167
0.187835
0.157236
0.140943
0.169905
0.132343
0.198663
0.201802
0.139848
0.186827
0.15905
0.167364
0.219424
0.167746
0.173641
0.208049
0.147676
0.174435
0.214526
0.140099
0.169858
0.124665
0.167624
0.152848
0.14203
0.166953
0.20991
0.132558
0.145449
0.192026
0.16718
0.188046
0.159322
0.147288
0.145008
0.199879
0.171044
0.135026
0.112313
0.105874
0.161761
0.113473
0.13677
0.229717
0.169337
0.116544
0.197904
0.153824
0.199127
0.192324
0.149915
0.168626
0.171799
0.172194
0.15226
0.152619
0.145265
0.11867
0.157417
0.157889
0.127064
0.176219
0.182173
0.133112
0.186767
0.163359
0.175575
0.160496
0.159301
0.1713
0.234804
0.170779
0.147815
0.179997
0.150593
0.159653
0.201529
0.211464
0.198
0.143188
0.146569
0.202577
0.163729
0.204713
0.153738
0.120559
0.190043
0.101052
0.140601
0.171009
0.185154
0.13771
0.161479
0.128444
0.186338
0.226695
0.156667
0.139015
0.165445
0.158851
0.213743
0.139587
0.130237
0.118014
0.152801
0.131832
0.120105
0.203949
0.144203
0.146986
0.182062
0.182699
0.162595
0.197783
0.174205
0.123525
0.174743
0.176971
0.122476
0.181307
0.16607
0.123686
0.136578
0.169016
0.210694
0.169792
0.210703
0.171383
0.15155
0.164219
0.164022
0.139768
0.190059
0.157058
0.14437
0.152012
0.191346
0.150996
0.165068
0.172851
0.123266
0.177828
0.139825
0.130388
0.144606
0.155762
0.139638
0.171055
0.167353
0.14083
0.177284
0.183176
0.136596
0.188462
0.149107
0.155673
0.209055
0.189465
0.199564
0.159993
0.209627
0.157927
0.222688
0.182076
0.198434
0.114796
0.149949
0.186014
0.206883
0.17578
0.210825
0.211737
0.171219
0.166829
0.183031
0.153256
0.126892
0.161682
0.131964
0.170627
0.110584
0.171346
0.156347
0.165217
0.150972
0.162643
0.140075
0.183127
0.196787
0.137693
0.151269
0.173239
0.164844
0.137422
0.183537
0.180472
0.0977732
0.127257
0.204775
0.158881
0.187336
0.1616
0.158857
0.139995
0.175372
0.118847
0.176386
0.138954
0.164973
0.151674
0.130989
0.112842
0.182475
0.134088
0.193739
0.137235
0.156583
0.184605
0.15209
0.216953
0.163779
0.151913
0.173109
0.165123
0.201781
0.186314
0.184118
0.14835
0.15597
0.160129
0.166763
0.179172
0.196542
0.162354
0.181785
0.199113
0.152936
0.147065
0.247105
0.162942
0.164981
0.191428
0.236411
0.156474
0.11259
0.168887
0.168171
0.136362
0.191138
0.162046
0.155579
0.173486
0.202497
0.214833
0.153491
0.186825
0.114212
0.176914
0.17424
0.137478
0.169161
0.170279
0.162291
0.170598
0.145248
0.175316
0.190155
0.175003
0.167049
0.151783
0.122766
0.154618
0.166975
0.190627
0.154855
0.162822
0.171977
0.156991
0.123866
0.117468
0.179427
0.159723
0.192054
0.196293
0.164631
0.246147
0.140907
0.136682
0.151446
0.137598
0.212051
0.163314
0.195359
0.171251
0.178032
0.148101
0.199825
0.131261
0.17528
0.179348
0.191294
0.153826
0.100952
0.183649
0.106378
0.16888
0.188292
0.158562
0.186175
0.141641
0.16307
0.137563
0.155916
0.111857
0.195907
0.163673
0.146767
0.23088
0.142182
0.201195
0.137695
0.157705
0.161817
0.174621
0.16115
0.198986
0.199601
0.13294
0.147427
0.170236
0.153825
0.180698
0.197586
0.184825
0.190591
0.158014
0.209507
0.170148
0.153469
0.174731
0.156025
0.130983
0.225931
0.115938
0.143173
0.139851
0.220882
0.137186
0.162076
0.208041
0.147876
0.137013
0.162395
0.17982
0.161199
0.140795
0.229583
0.129081
0.119723
0.169944
0.169239
0.167686
0.14653
0.187732
0.157681
0.182046
0.175831
0.157043
0.235697
0.137678
0.16597
0.211743
0.147061
0.182991
0.175642
0.20953
0.153741
0.147574
0.216053
0.150556
0.157438
0.244829
0.138518
0.165981
0.153609
0.100032
0.165629
0.239791
0.160531
0.150399
0.214473
0.190525
0.134237
0.172782
0.190551
0.203733
0.189405
0.159262
0.12825
0.1926
0.147287
0.159776
0.0899908
0.152436
0.207455
0.152719
0.164098
0.167735
0.184487
0.166092
0.146606
0.18293
0.19174
0.18717
0.15301
0.251107
0.122682
0.23094
0.155714
0.112546
0.173338
0.198386
0.15143
0.216437
0.142755
0.242136
0.147569
0.169633
0.191264
0.199354
0.186846
0.180552
0.157385
0.160796
0.150798
0.158799
0.144174
0.156267
0.157805
0.143963
0.140406
0.194166
0.19452
0.186549
0.15497
0.19648
0.129205
0.192075
0.193551
0.146879
0.152233
0.199844
0.165881
0.161498
0.167713
0.183338
0.139789
0.190481
0.164642
0.145767
0.185624
0.16826
0.162451
0.162663
0.120319
0.220777
0.197957
0.122531
0.172134
0.136437
0.207857
0.165352
0.177564
0.13581
0.113003
0.168431
0.15302
0.131915
0.193948
0.185805
0.140448
0.16624
0.172005
0.19102
0.160291
0.173025
0.154006
0.213909
0.194518
0.164916
0.153249
0.141007
0.179454
0.176326
0.134019
0.141807
0.198426
0.159235
0.210401
0.171711
0.216892
0.174321
0.231281
0.191398
0.169403
0.20171
0.135009
0.133775
0.198627
0.170686
0.206411
0.195126
0.153241
0.128602
0.142934
0.155848
0.21847
0.126436
0.114003
0.154026
0.209245
0.113761
0.191525
0.176327
0.157439
0.187725
0.115489
0.170468
0.169661
0.1388
0.151279
0.138216
0.179012
0.205523
0.13862
0.18062
0.203505
0.199839
0.125896
0.129767
0.179548
0.209176
0.14907
0.136944
0.105737
0.175367
0.198396
0.147295
0.175992
0.18496
0.155228
0.174434
0.181512
0.123098
0.23312
0.116225
0.133086
0.117159
0.157757
0.127933
0.18047
0.199138
0.201807
0.192499
0.173279
0.158315
0.121475
0.200292
0.137139
0.147626
0.167415
0.132663
0.155212
0.152619
0.217032
0.168048
0.149154
0.181664
0.224694
0.225798
0.123633
0.154348
0.164273
0.186155
0.207738
0.159174
0.125138
0.160162
0.152784
0.153152
0.155622
0.184965
0.166785
0.180422
0.185592
0.181144
0.160489
0.205675
0.188212
0.133638
0.171256
0.187551
0.155644
0.139913
0.169781
0.130912
0.196922
0.200541
0.138806
0.187569
0.162363
0.165642
0.219788
0.165884
0.173777
0.207152
0.146471
0.172108
0.212898
0.138333
0.169525
0.123576
0.167474
0.151337
0.141661
0.165111
0.209105
0.131385
0.144332
0.189456
0.167531
0.186276
0.158069
0.145223
0.144738
0.198405
0.17109
0.134906
0.110508
0.106304
0.161481
0.111172
0.137854
0.228619
0.167313
0.11585
0.197804
0.155301
0.196343
0.191413
0.149179
0.16866
0.171678
0.172128
0.151738
0.151988
0.144899
0.118722
0.156705
0.157006
0.126243
0.17567
0.18021
0.132761
0.184993
0.162342
0.175993
0.160177
0.158672
0.172256
0.229152
0.171842
0.146205
0.178765
0.149379
0.158906
0.200073
0.211032
0.196084
0.142246
0.145825
0.201576
0.162495
0.203969
0.153371
0.120153
0.188661
0.100205
0.140555
0.170508
0.183799
0.138332
0.161318
0.127736
0.185767
0.224258
0.15636
0.136431
0.165849
0.15666
0.210327
0.138161
0.129356
0.11731
0.151799
0.1318
0.119723
0.202942
0.145242
0.147054
0.181875
0.181973
0.161876
0.197698
0.171618
0.122746
0.174767
0.17716
0.121421
0.179272
0.164551
0.124183
0.136182
0.169666
0.210982
0.167125
0.211979
0.168184
0.150381
0.161532
0.162733
0.139453
0.189542
0.156155
0.14406
0.151309
0.19059
0.150055
0.163891
0.171524
0.122736
0.177643
0.13916
0.130021
0.143196
0.155553
0.13965
0.171081
0.165583
0.14101
0.17624
0.183354
0.133264
0.239422
0.147644
0.155736
0.210612
0.185934
0.197364
0.155585
0.206297
0.157225
0.220044
0.178364
0.19835
0.114747
0.149572
0.187221
0.205072
0.174014
0.211898
0.20991
0.169856
0.166419
0.18218
0.152052
0.126702
0.156017
0.134615
0.161257
0.108234
0.173134
0.15788
0.166467
0.149681
0.162219
0.139047
0.184551
0.199753
0.135849
0.151251
0.175158
0.161914
0.136933
0.181968
0.178764
0.0968795
0.127401
0.203216
0.157162
0.187286
0.160872
0.15899
0.139319
0.175029
0.11863
0.176365
0.136842
0.164346
0.150533
0.130172
0.1121
0.181764
0.135093
0.194045
0.136883
0.155446
0.184533
0.153017
0.213639
0.162822
0.150902
0.172012
0.165336
0.20165
0.185399
0.18201
0.145606
0.156099
0.160041
0.16601
0.177204
0.19627
0.162157
0.181967
0.19837
0.153351
0.14747
0.244566
0.163222
0.163541
0.189505
0.23464
0.155119
0.117414
0.168878
0.166986
0.135653
0.191149
0.158895
0.154644
0.173109
0.201538
0.214587
0.152499
0.186514
0.114297
0.176483
0.174046
0.137284
0.168532
0.168386
0.161442
0.169387
0.144444
0.174527
0.18957
0.173653
0.166668
0.15182
0.121966
0.153521
0.16549
0.190289
0.155648
0.161629
0.170609
0.156356
0.123505
0.116742
0.178987
0.158945
0.190534
0.194319
0.157544
0.266888
0.139813
0.136678
0.151826
0.13752
0.21041
0.159846
0.194044
0.170915
0.176727
0.145758
0.199493
0.130939
0.174916
0.176718
0.190252
0.148306
0.0989926
0.180631
0.10565
0.159115
0.21374
0.154209
0.184711
0.139743
0.162569
0.137276
0.15339
0.112493
0.19331
0.162338
0.146223
0.224813
0.141305
0.198404
0.138034
0.15682
0.161775
0.174033
0.161693
0.195971
0.200651
0.131578
0.14693
0.170282
0.152692
0.180612
0.195562
0.183903
0.189595
0.156816
0.206773
0.169553
0.152212
0.172529
0.15368
0.143906
0.238122
0.112625
0.136327
0.138843
0.219782
0.136094
0.161072
0.209713
0.147135
0.137297
0.163449
0.178448
0.160714
0.140067
0.227425
0.127751
0.118753
0.168342
0.168387
0.167181
0.145709
0.187884
0.157046
0.181727
0.175131
0.155717
0.233338
0.136797
0.16519
0.208924
0.148523
0.181236
0.174255
0.207969
0.153132
0.147878
0.214285
0.149709
0.157803
0.243298
0.13722
0.163997
0.15307
0.0994108
0.164255
0.239022
0.160513
0.149665
0.212591
0.188971
0.135146
0.172697
0.189646
0.203974
0.187956
0.157933
0.127893
0.19002
0.144254
0.159553
0.0888007
0.151225
0.208624
0.152894
0.164537
0.166625
0.183444
0.164636
0.145033
0.181301
0.189099
0.18609
0.153631
0.251167
0.122832
0.230078
0.153438
0.111641
0.172654
0.19794
0.150628
0.218068
0.142323
0.241599
0.145875
0.168937
0.189709
0.198446
0.187206
0.179159
0.155128
0.160436
0.149558
0.157273
0.143939
0.15525
0.155951
0.142262
0.137507
0.18776
0.207046
0.18794
0.153798
0.195745
0.129097
0.192617
0.192256
0.146495
0.151769
0.198568
0.164461
0.160096
0.169118
0.181977
0.139746
0.189451
0.163956
0.145494
0.186823
0.164116
0.16076
0.161058
0.120592
0.222216
0.198852
0.122491
0.171286
0.135075
0.207869
0.168974
0.17532
0.134537
0.114362
0.167593
0.161216
0.131922
0.191415
0.18478
0.139353
0.165244
0.169468
0.187681
0.159048
0.158961
0.151359
0.210185
0.194278
0.163598
0.151966
0.141223
0.179901
0.175588
0.131537
0.139639
0.195618
0.159677
0.209003
0.169857
0.214183
0.174101
0.229859
0.198596
0.168567
0.198242
0.135262
0.133657
0.19515
0.168571
0.20563
0.192845
0.153596
0.12864
0.140865
0.154391
0.215813
0.126011
0.108492
0.149976
0.211428
0.113858
0.190148
0.174501
0.155845
0.188223
0.114498
0.168487
0.172773
0.137581
0.150161
0.137584
0.178383
0.203867
0.137236
0.179943
0.201981
0.199354
0.123274
0.128768
0.178397
0.207434
0.149952
0.136145
0.104741
0.174944
0.196644
0.147054
0.174695
0.18417
0.153688
0.171802
0.180869
0.123662
0.233002
0.115479
0.133084
0.117863
0.156449
0.129539
0.179646
0.197849
0.201464
0.191631
0.172662
0.157069
0.121878
0.198932
0.136206
0.14535
0.168629
0.131535
0.153573
0.151485
0.208921
0.172176
0.158171
0.195193
0.224968
0.224428
0.122345
0.152658
0.164108
0.185292
0.206511
0.158413
0.126467
0.161137
0.152986
0.150339
0.155579
0.183342
0.165493
0.180093
0.183786
0.178035
0.158531
0.208795
0.186622
0.130396
0.171888
0.186646
0.154039
0.137852
0.169103
0.128343
0.194359
0.196668
0.135215
0.183231
0.173073
0.166436
0.217823
0.163685
0.174574
0.204164
0.140895
0.176164
0.208939
0.134299
0.169415
0.12196
0.166933
0.147743
0.140226
0.160777
0.209548
0.126276
0.146515
0.185326
0.168912
0.190069
0.159373
0.141381
0.14349
0.195925
0.169397
0.133535
0.109294
0.105053
0.15854
0.109845
0.138572
0.224922
0.164743
0.116511
0.197937
0.156283
0.196416
0.189395
0.14663
0.169093
0.172545
0.171338
0.151575
0.151773
0.144456
0.119061
0.155078
0.157177
0.125513
0.173925
0.178415
0.131628
0.181654
0.160879
0.177561
0.159998
0.155756
0.169777
0.232725
0.170334
0.145962
0.177437
0.148624
0.1582
0.196667
0.211319
0.190695
0.141909
0.144377
0.199417
0.161595
0.202206
0.152872
0.120352
0.185631
0.0981584
0.139382
0.170759
0.181402
0.139247
0.160254
0.12533
0.183294
0.225
0.145522
0.143622
0.167591
0.153935
0.210374
0.135815
0.127288
0.115829
0.1497
0.131364
0.11746
0.200938
0.145899
0.145727
0.177952
0.183302
0.158646
0.202243
0.177483
0.121141
0.174024
0.177387
0.120184
0.178757
0.163761
0.123307
0.134663
0.167161
0.209748
0.162964
0.212023
0.166781
0.150824
0.160894
0.162211
0.139525
0.188017
0.15517
0.14364
0.15029
0.189517
0.148735
0.162508
0.169757
0.122685
0.176122
0.137876
0.130012
0.141423
0.155834
0.140196
0.168747
0.164006
0.140639
0.175425
0.18332
0.13368
0.22634
0.148252
0.154619
0.208731
0.185719
0.195081
0.154722
0.211605
0.155725
0.220694
0.177106
0.197772
0.113379
0.149124
0.185806
0.204339
0.173942
0.211608
0.206469
0.167851
0.164882
0.180516
0.150801
0.127901
0.152935
0.131355
0.163424
0.10457
0.195383
0.153278
0.161059
0.146233
0.16133
0.136821
0.186503
0.200803
0.135682
0.149552
0.17178
0.162346
0.132012
0.182954
0.176565
0.0959274
0.127401
0.200884
0.155676
0.186086
0.159343
0.159433
0.137928
0.174136
0.118477
0.175551
0.135481
0.164288
0.149243
0.128289
0.111104
0.179964
0.13555
0.193507
0.136373
0.154603
0.183334
0.153177
0.210547
0.160893
0.149028
0.170842
0.164703
0.204573
0.185638
0.180793
0.144757
0.153567
0.159521
0.163351
0.174113
0.202079
0.162369
0.181763
0.196587
0.153288
0.147973
0.241992
0.16189
0.161694
0.186181
0.231861
0.153485
0.11701
0.17019
0.166143
0.134532
0.19099
0.157741
0.153147
0.172737
0.199836
0.214039
0.151964
0.185244
0.114339
0.17484
0.173976
0.136025
0.167634
0.165738
0.159953
0.167363
0.143416
0.176843
0.188576
0.172425
0.165056
0.151556
0.120823
0.152727
0.164342
0.191145
0.155419
0.161429
0.168533
0.155774
0.122708
0.115137
0.177111
0.157429
0.188134
0.190041
0.149967
0.17064
0.185122
0.136223
0.151465
0.136438
0.209904
0.159498
0.19381
0.169981
0.174805
0.148915
0.196357
0.13219
0.175326
0.17737
0.192494
0.151036
0.0992495
0.182194
0.10562
0.171062
0.18913
0.154851
0.183529
0.140953
0.162761
0.139635
0.153706
0.113196
0.193498
0.16283
0.146739
0.221324
0.140362
0.197195
0.136453
0.155497
0.159645
0.177929
0.151698
0.19767
0.200478
0.132144
0.146939
0.16975
0.151831
0.180841
0.195884
0.183542
0.19083
0.15525
0.207179
0.168947
0.15196
0.168813
0.157591
0.131911
0.229699
0.113085
0.137278
0.136508
0.218144
0.135034
0.158753
0.206753
0.148554
0.136012
0.160593
0.179156
0.16029
0.139145
0.227279
0.126694
0.116631
0.166178
0.167671
0.166697
0.142784
0.18943
0.156025
0.182167
0.173789
0.153926
0.230126
0.135349
0.162925
0.204737
0.150536
0.179765
0.172751
0.205015
0.151236
0.146415
0.214125
0.147328
0.156121
0.241153
0.135528
0.16073
0.151784
0.0982358
0.162014
0.238168
0.161147
0.148299
0.210278
0.18782
0.13556
0.171939
0.187595
0.20327
0.186275
0.156038
0.127166
0.186979
0.141188
0.157199
0.0876087
0.149906
0.208339
0.153779
0.164153
0.166335
0.183077
0.162577
0.143729
0.179421
0.185721
0.185891
0.151393
0.250793
0.122689
0.229078
0.150093
0.109999
0.171118
0.197895
0.145771
0.228782
0.141598
0.240316
0.143684
0.166238
0.187537
0.195735
0.187155
0.175665
0.150888
0.168983
0.147556
0.15603
0.143631
0.155114
0.149477
0.140286
0.133746
0.185667
0.201677
0.187518
0.151312
0.194103
0.129921
0.191057
0.191957
0.145814
0.150459
0.198564
0.161342
0.157625
0.170652
0.18091
0.138731
0.189119
0.162747
0.144511
0.183676
0.157658
0.158972
0.156234
0.118343
0.217841
0.198154
0.121835
0.168093
0.130782
0.293248
0.173288
0.180796
0.135595
0.114317
0.161241
0.147995
0.130672
0.1909
0.186975
0.138355
0.163048
0.16764
0.185891
0.160495
0.145071
0.148068
0.203044
0.1959
0.164623
0.143053
0.141287
0.181648
0.174468
0.127831
0.135247
0.189111
0.160282
0.20098
0.166458
0.235367
0.180056
0.230271
0.193805
0.161705
0.193823
0.135193
0.132513
0.193349
0.162075
0.196635
0.190333
0.152638
0.129477
0.144012
0.153288
0.210839
0.126203
0.103124
0.151235
0.206705
0.115797
0.189162
0.169916
0.143721
0.18926
0.147605
0.197828
0.155488
0.13718
0.149813
0.137654
0.179262
0.20121
0.137087
0.177864
0.199077
0.197469
0.124617
0.127904
0.17509
0.2068
0.148754
0.135871
0.103233
0.174433
0.19249
0.14678
0.172116
0.182831
0.150399
0.167471
0.178727
0.117245
0.273207
0.136876
0.130858
0.11801
0.156398
0.133886
0.176187
0.195407
0.19801
0.189653
0.169527
0.152976
0.121915
0.197069
0.13267
0.141245
0.17121
0.12802
0.151819
0.146879
0.201393
0.163614
0.157751
0.178402
0.228296
0.225363
0.121179
0.149098
0.164404
0.183453
0.203489
0.156208
0.128893
0.163668
0.151749
0.14626
0.151038
0.183041
0.163125
0.179505
0.18146
0.172497
0.155083
0.216193
0.182563
0.127538
0.172968
0.184085
0.152578
0.13436
0.167802
0.124349
0.191014
0.198097
0.135264
0.180759
0.155433
0.175313
0.230176
0.1617
0.172509
0.199089
0.142765
0.170977
0.210564
0.133136
0.167645
0.120383
0.166429
0.143428
0.139279
0.156263
0.208591
0.120934
0.146595
0.18082
0.168709
0.195192
0.159087
0.138284
0.142881
0.193186
0.166192
0.131377
0.108681
0.102447
0.154115
0.107637
0.139161
0.220272
0.160548
0.117607
0.196022
0.156794
0.192888
0.202114
0.144793
0.167523
0.171961
0.169592
0.149136
0.151155
0.14357
0.118558
0.153007
0.156514
0.124755
0.171521
0.178023
0.130111
0.179363
0.157158
0.178193
0.160054
0.150518
0.165496
0.234782
0.166583
0.146402
0.175751
0.148699
0.155949
0.190693
0.210833
0.179684
0.142211
0.140531
0.195613
0.159184
0.199147
0.14867
0.122242
0.179905
0.0951972
0.136034
0.175043
0.17989
0.138883
0.158358
0.121137
0.179828
0.212551
0.136451
0.147498
0.175911
0.15455
0.204956
0.135109
0.12416
0.113836
0.145737
0.131754
0.115301
0.197611
0.149604
0.142551
0.194298
0.188623
0.16053
0.193493
0.165824
0.119302
0.173769
0.178166
0.118177
0.174161
0.16128
0.122224
0.131955
0.161908
0.20352
0.164565
0.207538
0.165044
0.150071
0.162288
0.159038
0.139492
0.185786
0.153092
0.143557
0.148278
0.187123
0.145732
0.158761
0.168743
0.123033
0.173286
0.135083
0.129523
0.137386
0.158277
0.141887
0.165136
0.158919
0.140307
0.171996
0.182811
0.131302
0.179024
0.145338
0.150815
0.199354
0.1891
0.201963
0.15458
0.207164
0.158735
0.206959
0.18048
0.196354
0.110394
0.147138
0.18002
0.202324
0.174541
0.208093
0.197675
0.156126
0.172609
0.174985
0.151465
0.134915
0.146476
0.130624
0.159278
0.107794
0.175182
0.15474
0.167537
0.152568
0.159972
0.137347
0.184664
0.195284
0.132237
0.147257
0.167433
0.162496
0.131236
0.180502
0.174603
0.0954958
0.125647
0.196617
0.154536
0.181972
0.154754
0.159228
0.135878
0.167766
0.119893
0.168519
0.137077
0.164594
0.14826
0.124876
0.107825
0.173838
0.135526
0.187414
0.133851
0.152765
0.179466
0.148363
0.217963
0.157581
0.146852
0.168641
0.162674
0.204873
0.185791
0.1771
0.143187
0.150516
0.15744
0.156971
0.167856
0.221872
0.161169
0.180614
0.192536
0.15139
0.146727
0.236241
0.157697
0.156555
0.179023
0.223636
0.152264
0.124377
0.174256
0.158223
0.132984
0.193954
0.15963
0.146572
0.171542
0.194095
0.210884
0.151112
0.180794
0.114766
0.16861
0.173196
0.130981
0.164571
0.158865
0.153555
0.159813
0.1533
0.169298
0.186429
0.163985
0.164281
0.152145
0.114127
0.15037
0.160954
0.191048
0.153763
0.160021
0.161819
0.156465
0.120782
0.111675
0.170244
0.15617
0.184794
0.182412
0.13892
0.154593
0.152301
0.200259
0.150299
0.139064
0.203433
0.150749
0.184216
0.165451
0.165299
0.144006
0.190184
0.129153
0.172925
0.16659
0.184131
0.136019
0.10095
0.171279
0.100419
0.12796
0.160527
0.19342
0.181355
0.138352
0.156377
0.132584
0.147062
0.111782
0.179497
0.163688
0.131322
0.232904
0.141157
0.195937
0.129371
0.149144
0.152421
0.171873
0.140269
0.205964
0.195105
0.128609
0.141543
0.164141
0.147751
0.176192
0.183645
0.178704
0.174564
0.153025
0.187899
0.165084
0.162491
0.164793
0.133834
0.126815
0.221652
0.576322
0.167072
0.13138
0.204983
0.126342
0.153673
0.208651
0.140255
0.129856
0.157144
0.174156
0.155189
0.126393
0.217754
0.116623
0.105439
0.148128
0.186337
0.163202
0.125399
0.178167
0.1452
0.179452
0.16104
0.144624
0.207869
0.128355
0.150339
0.164304
0.161933
0.169259
0.164734
0.180612
0.131913
0.143567
0.215042
0.140676
0.150557
0.223084
0.131072
0.141822
0.138397
0.104014
0.146594
0.230929
0.150264
0.142452
0.20486
0.18916
0.12801
0.164251
0.165712
0.189727
0.166256
0.157914
0.123209
0.165644
0.113976
0.168344
0.0813744
0.137527
0.197581
0.164896
0.154413
0.153816
0.159528
0.160756
0.144755
0.152749
0.156381
0.203841
0.171113
0.237831
0.105925
0.204372
0.169122
0.117818
0.156257
0.181343
0.126837
0.206425
0.123789
0.224983
0.118083
0.133571
0.15827
0.240682
0.202994
0.171172
0.156356
0.146051
0.136909
0.14687
0.137751
0.146909
0.133825
0.123983
0.119086
0.163925
0.197707
0.15407
0.140015
0.176324
0.121433
0.192456
0.162747
0.152252
0.13188
0.193948
0.146346
0.139284
0.168684
0.169053
0.128018
0.193128
0.153254
0.135515
0.156172
0.130783
0.145406
0.15572
0.117741
0.191848
0.193115
0.122453
0.157508
0.128755
0.195964
0.144401
0.149643
0.124064
0.125221
0.167093
0.136301
0.111761
0.172101
0.152409
0.120608
0.132157
0.150626
0.263258
0.171424
0.151489
0.147846
0.198256
0.173628
0.143497
0.133573
0.121446
0.160363
0.137168
0.111328
0.204414
0.184367
0.14764
0.182962
0.139128
0.160909
0.144259
0.184309
0.150649
0.173915
0.16706
0.120763
0.112472
0.161418
0.143379
0.163948
0.159752
0.166402
0.101154
0.1115
0.135314
0.188187
0.117934
0.0767016
0.127115
0.15831
0.110703
0.147229
0.175814
0.154654
0.15953
0.115457
0.154165
0.119035
0.118055
0.125248
0.0971645
0.140396
0.153618
0.143248
0.173019
0.228391
0.164301
0.10797
0.103152
0.14246
0.132876
0.148931
0.108972
0.0757757
0.12297
0.11262
0.118042
0.112874
0.15378
0.132574
0.113729
0.140391
0.0853421
0.199778
0.155791
0.105772
0.103361
0.148663
0.0856997
0.141232
0.14095
0.155528
0.257464
0.145123
0.119529
0.0987074
0.152534
0.110288
0.167527
0.140664
0.102028
0.109276
0.120235
0.157152
0.159077
0.142269
0.132577
0.154141
0.18382
0.134788
0.119666
0.121145
0.142458
0.126785
0.11251
0.0943283
0.105378
0.133708
0.0935839
0.10102
0.13356
0.105712
0.134347
0.220377
0.121552
0.08443
0.144976
0.192565
0.0843553
0.115473
0.125807
0.102521
0.113991
0.106095
0.110793
0.185357
0.158459
0.110171
0.135167
0.123476
0.182056
0.155405
0.112889
0.115906
0.13004
0.151962
0.222022
0.20993
0.126043
0.127292
0.0834731
0.137256
0.0897008
0.099701
0.107919
0.169916
0.148235
0.0927486
0.117028
0.0860987
0.066496
0.115481
0.0769302
0.194202
0.148148
0.134546
0.0841701
0.072951
0.0740637
0.0941007
0.0758648
0.100678
0.120681
0.14963
0.0986004
0.118206
0.102214
0.0885387
0.166125
0.0851498
0.110527
0.127128
0.183185
0.218847
0.102333
0.0913193
0.0695728
0.0913663
0.0662772
0.0567919
0.140134
0.234848
0.113621
0.102744
0.08889
0.106173
0.0746481
0.0923457
0.117577
0.0877133
0.106085
0.123357
0.0942174
0.11296
0.102363
0.181231
0.182012
0.102162
0.0763782
0.0690404
0.0930915
0.109802
0.1163
0.122466
0.0645934
0.0946097
0.0653505
0.0660059
0.16518
0.0910285
0.115225
0.120889
0.127795
0.0960828
0.112035
0.102279
0.132695
0.0936302
0.104766
0.089056
0.0869299
0.0654459
0.064982
0.120337
0.0939506
0.0602165
0.107737
0.0593699
0.205226
0.128782
0.11244
0.0849602
0.0868735
0.0827923
0.0619546
0.137097
0.0890415
0.0613978
0.119075
0.106453
0.057299
0.0655132
0.0974089
0.148895
0.0725602
0.0750719
0.113326
0.0930125
0.13145
0.181057
0.0889132
0.0950148
0.0990267
0.140756
0.118281
0.122554
0.0717056
0.110041
0.141356
0.0788216
0.0893274
0.0796375
0.0689685
0.0584006
0.0589273
0.0786742
0.0821688
0.107537
0.0810138
0.0919207
0.139837
0.0789736
0.0912432
0.0791934
0.0809941
0.0834335
0.0745066
0.108249
0.0802521
0.0955667
0.166781
0.125448
0.105692
0.0900625
0.0445667
0.0806523
0.095092
0.084817
0.0674774
0.0895571
0.115418
0.138679
0.0985055
0.101452
0.108385
0.0689777
0.0641843
0.0486142
0.0667752
0.056098
0.113803
0.0815422
0.0812711
0.0651084
0.0789316
0.0604057
0.0817238
0.0800662
0.0656384
0.208721
0.0965622
0.0725066
0.0509393
0.0854589
0.183054
0.0502568
0.0690676
0.093425
0.0640689
0.0479837
0.0720359
0.0847493
0.0844729
0.110145
0.0440676
0.055185
0.0852383
0.0953936
0.0538539
0.0532145
0.0639096
0.0725133
0.0527916
0.0520638
0.0443536
0.0718548
0.123921
0.135049
0.123905
0.0618072
0.0495755
0.0920409
0.0856853
0.0764382
0.0662359
0.0729041
0.0684358
0.0522745
0.0505546
0.0954408
0.326684
0.155494
0.123176
0.0925428
0.0722524
0.0571057
0.0496573
0.0710363
0.0541767
0.0941601
0.0784181
0.0907397
0.0601435
0.042476
0.0597418
0.0433398
0.0604539
0.0609263
0.0602786
0.19135
0.129697
0.0896006
0.0786762
0.0636046
0.0680045
0.0502308
0.0522286
0.0970283
0.118671
0.063288
0.0516784
0.0535808
0.058171
0.085592
0.0786454
0.0656807
0.0500931
0.079279
0.0634576
0.0608944
0.0471535
0.0551079
0.0744815
0.046285
0.188057
0.164869
0.0726907
0.0488599
0.0374572
0.061794
0.046937
0.0721437
0.1344
0.0741834
0.0529586
0.0401255
0.0803702
0.0675227
0.0535566
0.0947893
0.0570687
0.108131
0.111228
0.0892311
0.067599
0.0547347
0.0523822
0.0480056
0.0394856
0.0369612
0.0469978
0.039918
0.119616
0.0459915
0.0707041
0.123173
0.0707948
0.0842641
0.0619509
0.0536798
0.0511128
0.0551632
0.0590495
0.0522518
0.0552276
0.0562896
0.077812
0.0748524
0.0933952
0.0675739
0.0476889
0.0492489
0.0462133
0.1449
0.22551
0.102091
0.0478911
0.0500843
0.0470677
0.0375845
0.0784851
0.0494438
0.088882
0.0810163
0.0609611
0.059556
0.0439012
0.0257247
0.044453
0.0403965
0.068699
0.0698671
0.0359225
0.0375211
0.109267
0.0912393
0.041649
0.0586474
0.114915
0.0863889
0.0563244
0.0545922
0.0420295
0.0478883
0.0813068
0.0547994
0.046355
0.093172
0.121983
0.0800302
0.0516833
0.029084
0.0545451
0.0751787
0.124044
0.0857512
0.0754094
0.0781224
0.0520633
0.0382837
0.0374285
0.0424934
0.0702049
0.0791012
0.0545988
0.0609192
0.057675
0.0646454
0.178995
0.102897
0.108199
0.0534698
0.0352633
0.0461886
0.0485587
0.0858309
0.0791616
0.0370651
0.0468998
0.0446036
0.025699
0.0345384
0.0434186
0.0933568
0.118168
0.0872423
0.0478065
0.0283882
0.0332962
0.0501562
0.0337393
0.050328
0.0651583
0.0746858
0.0555517
0.0339365
0.0378965
0.0350782
0.0735886
0.109679
0.0585517
0.05537
0.0746449
0.0904768
0.0681157
0.0310338
0.044811
0.036208
0.0297695
0.0324592
0.0870678
0.0795538
0.0833952
0.056342
0.0637839
0.0512492
0.0573269
0.0595457
0.124611
0.0619106
0.0469186
0.0325245
0.0365581
0.0326963
0.0242998
0.0421058
0.060178
0.0731441
0.036072
0.0403466
0.0397522
0.0437889
0.0410882
0.0484536
0.0844364
0.0739143
0.0508899
0.0467838
0.0540775
0.0390112
0.0490401
0.0376916
0.0330339
0.0677319
0.0590135
0.0513928
0.0900544
0.0881831
0.0625353
0.0574486
0.0347694
0.0255849
0.0290036
0.0214426
0.0319056
0.0369129
0.0575674
0.106057
0.0705038
0.0583551
0.0271679
0.042165
0.0931904
0.0578272
0.0565813
0.0385069
0.041967
0.0411111
0.0630683
0.046351
0.044747
0.0328973
0.0252657
0.0209755
0.0279338
0.0229909
0.0206986
0.0573066
0.164195
0.0704738
0.0449742
0.0279305
0.0211644
0.029859
0.0289986
0.0320015
0.0318325
0.0423969
0.0346686
0.0564792
0.0786071
0.0684231
0.0342761
0.0256164
0.026382
0.0382747
0.0441811
0.0406098
0.0369474
0.0408447
0.0587767
0.0263225
0.0329334
0.0504519
0.0395979
0.046461
0.0498175
0.0757998
0.0790046
0.0486189
0.0254817
0.0230259
0.0225507
0.0265539
0.0456172
0.04607
0.103078
0.0343588
0.0241858
0.0318727
0.0240519
0.0369738
0.0327509
0.0811146
0.147446
0.06069
0.0349866
0.0315164
0.0252805
0.0458515
0.0261845
0.0282438
0.0451711
0.0445138
0.0383313
0.0410064
0.0230681
0.0348493
0.0358602
0.0532977
0.0641696
0.0560383
0.0153359
0.021474
0.023952
0.0519248
0.0303221
0.0550271
0.0542956
0.0430797
0.018572
0.0230243
0.0346171
0.0959366
0.0581543
0.0491557
0.0519387
0.0245363
0.0183162
0.0341604
0.0198097
0.0385481
0.0181807
0.0178877
0.0226839
0.028024
0.0387823
0.0673067
0.0850371
0.154221
0.0644828
0.0423389
0.0483847
0.0408684
0.0234463
0.0157068
0.0148767
0.0374276
0.0619596
0.0554733
0.0283975
0.0231567
0.0212999
0.0287319
0.0199742
0.0282474
0.0195494
0.0313352
0.0457303
0.0917872
0.0866192
0.0347818
0.0249832
0.041538
0.0252355
0.0202539
0.022388
0.0376564
0.0711224
0.0856312
0.030051
0.0371524
0.0289888
0.017149
0.0189148
0.0269563
0.0260057
0.0155114
0.0190375
0.0219577
0.0259511
0.0416267
0.104184
0.0914595
0.0498755
0.0338588
0.0213555
0.020358
0.0321289
0.0581224
0.0574961
0.0308669
0.0277617
0.021039
0.0270353
0.050563
0.093912
0.0407941
0.0293393
0.027004
0.0216139
0.0262892
0.0276215
0.0349778
0.028404
0.0441763
0.0412137
0.0342088
0.0461802
0.0429103
0.0368
0.042279
0.0315878
0.0241393
0.050476
0.0572339
0.0476674
0.0550117
0.0364185
0.0207761
0.0220721
0.0311782
0.0323652
0.0408536
0.0325909
0.0342861
0.0275767
0.0156543
0.024432
0.0363117
0.0441761
0.0767248
0.0834597
0.0520498
0.0270229
0.0295932
0.0160049
0.0193009
0.0167942
0.0152551
0.0218031
0.0316793
0.0659847
0.0536619
0.0265231
0.0208877
0.0138937
0.0193123
0.0393323
0.0543764
0.0505798
0.0383728
0.0172795
0.0181071
0.0153257
0.0344699
0.0650631
0.069599
0.0406963
0.0341035
0.0145975
0.0135181
0.011298
0.0142089
0.016248
0.0267123
0.0492357
0.0295036
0.0410096
0.0491498
0.0315401
0.0368446
0.0510341
0.0645947
0.0296216
0.0420509
0.0149691
0.0159553
0.0237412
0.0197021
0.0404451
0.0363208
0.0287486
0.0227102
0.0298741
0.0463469
0.0448795
0.0258327
0.0166372
0.0107233
0.0138882
0.019753
0.0295272
0.0465484
0.133476
0.0664586
0.0237607
0.029973
0.0214696
0.0242039
0.022637
0.0123246
0.0181505
0.0148849
0.022446
0.0231602
0.0254334
0.0287259
0.0261564
0.0312306
0.0372458
0.0578402
0.0407601
0.0267703
0.0478009
0.0723913
0.0421724
0.0266175
0.0215235
0.0219413
0.0311281
0.0196055
0.0248454
0.0105658
0.0129683
0.0153153
0.0289391
0.0426167
0.0370082
0.0377015
0.036913
0.0209675
0.0239427
0.0236663
0.0295074
0.0470357
0.0405115
0.029087
0.0289274
0.0222656
0.0233486
0.0247213
0.0233734
0.0109145
0.016331
0.0149772
0.0203623
0.0252275
0.064586
0.0618084
0.051179
0.0236955
0.0145491
0.0136405
0.0100156
0.010868
0.0167913
0.024361
0.0272102
0.0452317
0.0635335
0.035504
0.0330734
0.0286246
0.0176307
0.0226055
0.0215971
0.027237
0.0164856
0.0151982
0.0174195
0.0218189
0.0431483
0.0515851
0.0449646
0.024918
0.0201538
0.0173933
0.0438528
0.0420458
0.0128069
0.0155014
0.0114067
0.0267117
0.0467776
0.0744615
0.0381656
0.0136897
0.0151936
0.00852345
0.0127562
0.0122369
0.0110337
0.0216692
0.0369145
0.0474606
0.0323184
0.0215627
0.017389
0.0118083
0.0107648
0.0117499
0.0233322
0.0214839
0.0476464
0.0376684
0.0163052
0.0187852
0.0210012
0.0326263
0.0334517
0.0452341
0.0283027
0.0281042
0.0280064
0.00863688
0.00876992
0.00799173
0.0159741
0.0332207
0.0556025
0.038953
0.0182925
0.0128074
0.0178155
0.0176258
0.0123132
0.0219763
0.046508
0.0301958
0.0231237
0.0208958
0.0196218
0.0179497
0.0537147
0.0546444
0.0156884
0.0109605
0.0100674
0.0209523
0.0294958
0.0248112
0.0204753
0.0211324
0.0140018
0.0273442
0.0594026
0.0521735
0.022485
0.0180097
0.0244884
0.0473214
0.0439017
0.0336284
0.0218435
0.0345215
0.0246578
0.0156323
0.0150978
0.0122486
0.0145686
0.0272004
0.0440529
0.0298643
0.0361265
0.0405537
0.0247019
0.025028
0.0135919
0.0151893
0.0183806
0.0112766
0.0148031
0.0286991
0.0449334
0.0325261
0.0231491
0.010578
0.018988
0.015434
0.0269131
0.0413378
0.057033
0.0193037
0.0164337
0.0159393
0.0127351
0.0163905
0.0259594
0.0329987
0.0600961
0.0292195
0.0124613
0.0119815
0.00916577
0.00901845
0.0133796
0.0319409
0.0454882
0.0196149
0.0196416
0.0180914
0.00695864
0.0076477
0.0117446
0.0122693
0.018826
0.0425673
0.0490035
0.0330948
0.0226336
0.0134915
0.0155913
0.0172777
0.0241523
0.0245016
0.0219676
0.0199123
0.011944
0.0145531
0.00704151
0.0225514
0.0559566
0.0772677
0.0287522
0.0189134
0.015851
0.0246568
0.0154764
0.0137441
0.0162619
0.0182431
0.0320184
0.0248653
0.0249063
0.0471572
0.0401855
0.0287001
0.0202917
0.0265882
0.0336917
0.0149267
0.00968294
0.012604
0.0129566
0.0154908
0.0162274
0.0113937
0.0195753
0.0307555
0.0401024
0.0367756
0.0185492
0.0127675
0.012838
0.0112877
0.00948411
0.00723846
0.00980593
0.0172399
0.0571734
0.0599356
0.0253753
0.0107942
0.0132609
0.00847265
0.0190479
0.0139468
0.0170389
0.0451664
0.0658398
0.0400376
0.0179747
0.00955033
0.0142391
0.0126804
0.0171957
0.0161219
0.0141442
0.0153749
0.030698
0.0511074
0.0383889
0.0165087
0.0169815
0.00870291
0.0105215
0.0162401
0.0170264
0.0291559
0.0319977
0.0192667
0.0266315
0.0270304
0.0184756
0.0122218
0.0135614
0.0218822
0.00939902
0.0131654
0.0134384
0.0343299
0.0537916
0.0289554
0.0108077
0.00750966
0.010229
0.00901937
0.00685806
0.00997641
0.0238387
0.0588882
0.0688514
0.0260083
0.0113853
0.00978151
0.0166323
0.0129673
0.0142916
0.0192905
0.0196632
0.018355
0.0182003
0.018639
0.0188193
0.0174996
0.0234364
0.0361225
0.0271753
0.0204859
0.0180705
0.0296436
0.048478
0.0209256
0.0290067
0.0191742
0.0173326
0.010722
0.0151917
0.0170067
0.0183579
0.0190482
0.0177655
0.016302
0.0231694
0.0204644
0.0158802
0.0278679
0.0353823
0.0259865
0.0279695
0.0167751
0.0100509
0.0104852
0.0114228
0.0175142
0.0130096
0.0222859
0.0240142
0.0209915
0.0237165
0.0197749
0.0142132
0.0128725
0.0136917
0.00649177
0.00656157
0.0137733
0.0170123
0.0370503
0.0421922
0.0262599
0.0174714
0.0167285
0.00766106
0.00600551
0.00604769
0.0070269
0.00592266
0.0102032
0.029434
0.046337
0.0434098
0.0279952
0.0226095
0.0229696
0.0268736
0.00762231
0.00459661
0.0102536
0.00733617
0.0113402
0.0122142
0.0187314
0.0585814
0.0442976
0.0213929
0.016334
0.0138488
0.0196848
0.00777232
0.00572347
0.0077234
0.00614858
0.0055501
0.0202625
0.0100794
0.0238467
0.0377441
0.0267667
0.0130391
0.01257
0.00844341
0.0167305
0.0401285
0.0472534
0.0339034
0.0213418
0.0159406
0.0139751
0.00679378
0.00638739
0.00940299
0.0146766
0.0085962
0.00935688
0.0113744
0.0300484
0.0673527
0.0476886
0.0262057
0.0329581
0.0138379
0.0145237
0.00718989
0.00747837
0.00823815
0.0160136
0.00662643
0.00935735
0.00929768
0.0095654
0.0162763
0.0287137
0.0494996
0.0409216
0.0301552
0.0302553
0.0218672
0.0158547
0.00808198
0.00782627
0.00503709
0.0130249
0.0137384
0.0192494
0.0143544
0.0151762
0.0159691
0.0230398
0.0344131
0.0474293
0.0238118
0.0190543
0.0105617
0.00749517
0.0107445
0.00743749
0.00563982
0.0129992
0.016685
0.0374427
0.017852
0.0125866
0.0123765
0.0086435
0.0165605
0.015401
0.0140706
0.0212444
0.0186767
0.0270811
0.0304818
0.0296327
0.0168803
0.0114041
0.0101725
0.00778387
0.00932896
0.0114595
0.0091654
0.0174821
0.0482359
0.0547331
0.0291905
0.0108421
0.00486901
0.0120819
0.0107822
0.00817167
0.00718534
0.0066212
0.00960625
0.0173481
0.0231099
0.0336044
0.0364127
0.017301
0.0138661
0.0143239
0.00622853
0.00763964
0.0141364
0.0141267
0.0195044
0.0174058
0.0262351
0.0408621
0.023558
0.0127501
0.0100064
0.0109826
0.00840405
0.0118182
0.0106421
0.0134078
0.0339287
0.0269742
0.0180283
0.0157607
0.0231043
0.0186194
0.00527324
0.00706751
0.0110622
0.0139029
0.0099793
0.0109477
0.0108351
0.00574981
0.0125078
0.0389172
0.0838318
0.0283374
0.00732474
0.0084131
0.0066363
0.00543989
0.0103508
0.00986416
0.00600313
0.00744647
0.00847222
0.017475
0.0335161
0.0390071
0.0248358
0.0109048
0.00666913
0.0159588
0.00544866
0.0078302
0.00709553
0.00514713
0.0105677
0.0102209
0.0235975
0.0444965
0.0376102
0.0220093
0.0096478
0.00962534
0.0100239
0.0144487
0.00684602
0.00933719
0.0164521
0.0306898
0.0275791
0.0138194
0.00737461
0.0127572
0.0136429
0.0180801
0.0211769
0.0301597
0.017879
0.0291858
0.0287181
0.0234785
0.0233224
0.0154071
0.00723188
0.00579049
0.00706618
0.00573066
0.00675013
0.0121273
0.0205633
0.0373536
0.0205962
0.00677402
0.0110762
0.010111
0.013247
0.017953
0.018237
0.0173881
0.0116525
0.020328
0.0128922
0.0178019
0.0185728
0.00979324
0.0106514
0.0191854
0.0236282
0.0287053
0.0346423
0.0256319
0.013789
0.00910393
0.00955238
0.00548329
0.0075835
0.00749561
0.0152745
0.0113246
0.0108706
0.0134527
0.018265
0.0134577
0.0175948
0.0237592
0.0263186
0.0136795
0.0145711
0.0124762
0.00733471
0.00660216
0.00942828
0.0115146
0.013051
0.0174867
0.0279824
0.0235191
0.0172832
0.00639256
0.00569242
0.00647259
0.00720856
0.0143788
0.00982799
0.0141416
0.0245829
0.0298762
0.0257201
0.0177342
0.0144394
0.0119789
0.00787048
0.00949561
0.00813457
0.00770969
0.00545356
0.0118894
0.023079
0.045213
0.0237326
0.0146446
0.00855615
0.00657574
0.00575538
0.00466353
0.00841727
0.0136466
0.0296198
0.0327115
0.0231561
0.0159438
0.0109575
0.0151939
0.00832594
0.0122691
0.0158787
0.0270853
0.0240302
0.015972
0.0130948
0.00739736
0.00730954
0.00730384
0.00407464
0.00984178
0.00783814
0.00736895
0.0179347
0.0280565
0.0241775
0.029055
0.0224941
0.012889
0.0200468
0.00766074
0.0113212
0.0218603
0.0200134
0.0174322
0.0134884
0.00808113
0.00846979
0.0195993
0.0301714
0.016699
0.0133338
0.00969422
0.00975214
0.00994549
0.0125565
0.0181382
0.0250962
0.0220403
0.0151719
0.0115994
0.0121607
0.00879991
0.00545596
0.00684602
0.0141641
0.0204338
0.0222736
0.0220488
0.0144432
0.0150334
0.0169432
0.00607894
0.00794732
0.00769479
0.00435094
0.00467147
0.00507818
0.00395223
0.00931756
0.0204239
0.0258758
0.0302789
0.0249335
0.0324553
0.0222472
0.00744572
0.00557785
0.00455122
0.00534044
0.0032041
0.00754835
0.00870416
0.00534005
0.00668504
0.00677531
0.0264742
0.04195
0.0189946
0.011278
0.00561093
0.00544402
0.00567302
0.00906645
0.00778828
0.0151728
0.044765
0.0345624
0.0145112
0.00735943
0.0106819
0.01412
0.00835162
0.00735883
0.0149381
0.0302592
0.0261482
0.0242935
0.0157955
0.00940647
0.00560515
0.0081353
0.00643715
0.00404419
0.00790012
0.00758435
0.0211889
0.0318254
0.0229311
0.00988759
0.00633008
0.00316494
0.00347542
0.00656229
0.0102204
0.0203826
0.0250968
0.0265207
0.0218702
0.00498096
0.00661249
0.00944532
0.0144462
0.0170943
0.0229556
0.0160542
0.0217215
0.0109312
0.00807496
0.00565141
0.00701423
0.0150551
0.00755412
0.0125184
0.0184167
0.0139884
0.0148587
0.00847666
0.0160911
0.0272796
0.0354277
0.0339469
0.0241737
0.0169537
0.0127407
0.00575321
0.00502888
0.00615828
0.00486399
0.0118183
0.0127208
0.0104497
0.0172556
0.0208157
0.0293289
0.0277789
0.0137181
0.016846
0.00831325
0.00406481
0.00796665
0.00299604
0.00632589
0.00562507
0.00379677
0.0069235
0.00645606
0.0132262
0.036262
0.0461515
0.0231766
0.0128308
0.0116061
0.0113318
0.00951741
0.0103846
0.00425133
0.00457331
0.0059653
0.00493494
0.0111099
0.0155816
0.02349
0.0361579
0.0134605
0.00494194
0.00378144
0.00319707
0.00731183
0.0044727
0.00705574
0.0103777
0.0159122
0.0365369
0.0295188
0.00803942
0.00501061
0.00861483
0.0138345
0.0265282
0.0135566
0.0153577
0.0191801
0.0305102
0.0253582
0.0109577
0.00665211
0.00588033
0.00793504
0.00723695
0.00820469
0.0102547
0.0124165
0.0153752
0.022127
0.00725627
0.00642267
0.00579894
0.0142305
0.0199449
0.0166888
0.00743065
0.00600727
0.00473948
0.00461608
0.00442244
0.0049852
0.00976043
0.0123383
0.0185095
0.0394913
0.0299841
0.0147977
0.0167703
0.00720722
0.00466112
0.00828175
0.00662438
0.00858424
0.00460133
0.00648542
0.00552152
0.00609146
0.0103928
0.0244958
0.0357163
0.0239731
0.0108399
0.00986086
0.02011
0.0194396
0.0288953
0.00603235
0.00632872
0.00328241
0.00475541
0.00646328
0.012188
0.0149148
0.0133813
0.0154475
0.0157014
0.0114981
0.0064132
0.0133147
0.0170145
0.0154751
0.0170312
0.0150149
0.00720051
0.0068227
0.00699805
0.00832488
0.00715343
0.0113812
0.014527
0.0172172
0.0188442
0.0140613
0.013106
0.0124153
0.0114054
0.00467991
0.00565641
0.0108854
0.0129895
0.0220927
0.0209931
0.0154143
0.0126749
0.00956569
0.00458797
0.00251392
0.00387668
0.0043327
0.00380515
0.00319682
0.0096213
0.0127151
0.034169
0.0310378
0.0234899
0.0068935
0.00398208
0.00547541
0.00515684
0.00673949
0.0127434
0.0242293
0.0206716
0.00406213
0.00885662
0.00345747
0.0032204
0.00433331
0.00414031
0.0127653
0.031277
0.0302578
0.0278657
0.0102502
0.00712665
0.0158421
0.00350599
0.00615597
0.00711805
0.00510319
0.011354
0.0120418
0.00994752
0.0101804
0.0101681
0.0199146
0.0164009
0.0185725
0.0201503
0.0112663
0.0061323
0.00533616
0.0068081
0.0132602
0.0103675
0.0144203
0.0125967
0.0240066
0.0155441
0.0150757
0.00490826
0.0253456
0.0116442
0.0133896
0.0137153
0.0127727
0.00968109
0.0159078
0.00663862
0.00582934
0.00298691
0.00563993
0.00685748
0.00478998
0.00292747
0.00412358
0.00609703
0.0143251
0.0417547
0.0314448
0.0207044
0.00604431
0.00527256
0.00731984
0.00625889
0.00893649
0.00746848
0.0123788
0.0104112
0.0124141
0.0178979
0.0259284
0.024285
0.0248073
0.00894457
0.0062492
0.00786158
0.00436466
0.00462538
0.0106054
0.013869
0.025214
0.0260116
0.014809
0.00888066
0.00761451
0.0123198
0.00971252
0.00586435
0.00758559
0.00734946
0.00526111
0.0124074
0.0190014
0.0255399
0.013295
0.00860413
0.00680321
0.0082497
0.00799374
0.00570279
0.00636353
0.0132942
0.0147845
0.0165901
0.0116768
0.00434562
0.0133105
0.0132228
0.00871668
0.00645828
0.00652639
0.00944861
0.0109166
0.00932493
0.0119877
0.0248844
0.0138878
0.0141718
0.00844411
0.00434745
0.00718579
0.0145418
0.0183564
0.0183911
0.00910225
0.00887113
0.0134453
0.0184248
0.0153413
0.00653186
0.00451121
0.00363157
0.00417289
0.00611937
0.0038781
0.00385082
0.00239033
0.00276217
0.00263255
0.00500211
0.0126563
0.0166526
0.017212
0.0177343
0.0253576
0.0288027
0.0117263
0.00828873
0.00468993
0.00678578
0.00341355
0.0110283
0.0168453
0.0120841
0.00882405
0.00512959
0.00521733
0.00750882
0.00759923
0.00979747
0.015421
0.0137378
0.0158597
0.0179392
0.012137
0.0149807
0.00489892
0.00475123
0.0125927
0.00589285
0.0049005
0.00551189
0.00330803
0.00571024
0.00478508
0.0103418
0.0181925
0.0245241
0.0227249
0.0125589
0.00927831
0.00990407
0.0127312
0.00874186
0.012824
0.00563547
0.005341
0.00866908
0.0170296
0.0166515
0.0138897
0.00627182
0.00550958
0.00422133
0.00721233
0.00676036
0.00287794
0.0033768
0.00542205
0.00756145
0.0178599
0.0246458
0.0183764
0.0146802
0.0111601
0.0105204
0.0113745
0.00859471
0.00621435
0.00688997
0.00399588
0.00702431
0.0153478
0.0228595
0.019154
0.00954336
0.00558536
0.00314118
0.00815471
0.00393413
0.00363322
0.00525308
0.00927735
0.0167759
0.0175162
0.0137085
0.00488918
0.00495307
0.00665368
0.0102126
0.0104012
0.0068898
0.00474792
0.00769396
0.01677
0.0195935
0.0174397
0.0198517
0.0114728
0.00987037
0.00683303
0.00609048
0.00907607
0.00942497
0.00621333
0.00851858
0.00891408
0.00358434
0.00339465
0.00388898
0.0100548
0.0122465
0.0262099
0.0249902
0.00983313
0.00560591
0.00201345
0.00294233
0.00390148
0.00411741
0.00410086
0.00567122
0.00571747
0.00744416
0.0151032
0.0219433
0.0176618
0.00728816
0.00782053
0.00980827
0.0135216
0.0124375
0.0116765
0.00791633
0.0104397
0.0083365
0.00893541
0.00888363
0.00729708
0.0100414
0.0104275
0.0111343
0.0119863
0.0211781
0.00844865
0.0112273
0.0154792
0.0154641
0.0136348
0.00531874
0.00435373
0.00246837
0.00241214
0.00400306
0.00530426
0.0112198
0.0246702
0.020483
0.0141663
0.0048724
0.005039
0.0019505
0.00479903
0.00501088
0.00415978
0.00574248
0.014432
0.0159199
0.0150159
0.0119805
0.00991631
0.0115155
0.0144265
0.00568793
0.0075004
0.0121299
0.00928082
0.0137887
0.00678851
0.0101129
0.0175958
0.0234944
0.0101696
0.00412534
0.003071
0.00302667
0.0024203
0.00251531
0.00464223
0.0052942
0.00447202
0.00982959
0.0207648
0.0144651
0.0127522
0.0073781
0.0124485
0.014729
0.00782361
0.00731077
0.00981649
0.00812511
0.0123418
0.0140064
0.004312
0.00742781
0.00662594
0.00476131
0.00299877
0.00378793
0.00278454
0.00491211
0.012425
0.00587187
0.00496645
0.0135488
0.0315123
0.0288936
0.0118673
0.00527144
0.00231178
0.00334621
0.00226674
0.00652288
0.0103922
0.0107544
0.026182
0.0158528
0.00912546
0.00908319
0.00439933
0.00753258
0.00559995
0.00542402
0.00593277
0.00837069
0.0100476
0.00868179
0.0164744
0.0106355
0.0131645
0.00919135
0.00803867
0.00563527
0.00534651
0.00510389
0.00600627
0.00875307
0.0111837
0.0232601
0.0195317
0.0103947
0.0062661
0.00931092
0.00383582
0.00407341
0.00446183
0.00413943
0.00557843
0.0085523
0.0145866
0.0142711
0.0135322
0.0106292
0.00863975
0.00708123
0.00691928
0.00685736
0.00808689
0.0114716
0.00860386
0.00329134
0.00702321
0.00660594
0.0058144
0.0139773
0.0167143
0.00756843
0.0161834
0.00731325
0.0044877
0.00809507
0.0167682
0.0224688
0.00382055
0.00589877
0.00630557
0.00515719
0.00754419
0.00708805
0.0117271
0.0313358
0.0248309
0.0137038
0.00821563
0.00423079
0.00319685
0.00207621
0.00221607
0.00300644
0.00213653
0.00449944
0.00560444
0.00194808
0.00327839
0.00393654
0.00742953
0.0194114
0.0353895
0.0266466
0.00919383
0.0028187
0.00650982
0.00227418
0.00517725
0.00351542
0.00209742
0.00407156
0.00334987
0.0026214
0.00523291
0.00827559
0.0062824
0.00713726
0.0114929
0.0158192
0.015905
0.0262215
0.0120115
0.00987267
0.00712111
0.00471549
0.00338461
0.00328329
0.00679029
0.0152832
0.0175566
0.0121831
0.0135765
0.0123415
0.0118949
0.00632025
0.00766809
0.00885574
0.00745731
0.00580227
0.00447796
0.0036903
0.00601015
0.00820607
0.0134354
0.0265118
0.00532325
0.00778497
0.0052578
0.00401314
0.00621584
0.00540686
0.00726536
0.0118579
0.01492
0.0241935
0.0173187
0.00680334
0.00375409
0.00371694
0.00873134
0.00225994
0.00675409
0.00387375
0.00538629
0.00731578
0.010964
0.0158178
0.0150446
0.0154187
0.00567152
0.00623095
0.00643142
0.00685232
0.00499155
0.00323964
0.00452719
0.00861048
0.0138507
0.012851
0.00610688
0.00353615
0.00469419
0.00672199
0.0158244
0.0190565
0.0219918
0.0138987
0.0084141
0.00705351
0.00490626
0.00571189
0.00719814
0.00893234
0.00790497
0.00628154
0.00514049
0.0112677
0.00684824
0.00998193
0.0109869
0.00910851
0.00909942
0.0129016
0.00379004
0.00415553
0.00333345
0.00257373
0.00227556
0.0015919
0.00292801
0.00481225
0.00759252
0.0114981
0.0224126
0.0144838
0.0176088
0.012904
0.00605717
0.00416787
0.00517066
0.00472361
0.0105006
0.0150503
0.00944178
0.00834777
0.00716734
0.0057121
0.0031381
0.00537054
0.00967978
0.00793933
0.0158047
0.0170825
0.010207
0.00904131
0.00669284
0.00400743
0.00200649
0.0019665
0.00305751
0.00249836
0.0018379
0.00657963
0.00297157
0.00241295
0.00350585
0.00293957
0.00309723
0.00429907
0.00425406
0.00615691
0.0204466
0.0410681
0.022066
0.00721676
0.00792972
0.00857281
0.00472895
0.0065144
0.00661209
0.00759512
0.0077362
0.00580346
0.0027477
0.00473812
0.00479677
0.010268
0.0282229
0.0228276
0.0153311
0.00654905
0.00311917
0.00434663
0.0035012
0.00147517
0.00262646
0.00596247
0.009399
0.00283944
0.0062401
0.00759998
0.0176691
0.0126726
0.0115324
0.016195
0.00459283
0.00343358
0.00522756
0.00276788
0.00441779
0.00326571
0.00929951
0.017475
0.041232
0.0130825
0.00854391
0.00382426
0.00254216
0.00184666
0.00499822
0.00227249
0.00531662
0.00294651
0.00603932
0.00792223
0.0091132
0.0184562
0.0152963
0.0120611
0.0133336
0.0107361
0.00487067
0.0033374
0.00423498
0.00369843
0.0046294
0.00403828
0.00382505
0.00912434
0.0254993
0.00904067
0.0126164
0.0107224
0.00367721
0.00358881
0.00587934
0.00418316
0.00625572
0.0114006
0.00930833
0.00836016
0.00556117
0.00636373
0.0139622
0.00880985
0.0077142
0.0133408
0.0140049
0.0188974
0.00810184
0.0030051
0.00612025
0.00600372
0.00542244
0.00586668
0.00393218
0.00727054
0.00824815
0.00648971
0.00889012
0.00981153
0.0127631
0.0131105
0.0044281
0.00296823
0.00428947
0.00323609
0.00469447
0.00455376
0.0124751
0.0139714
0.0129339
0.00896473
0.0108307
0.010174
0.00709937
0.0050317
0.00499264
0.013235
0.00547714
0.00496336
0.00435735
0.0028811
0.00233542
0.00322672
0.00326175
0.00305572
0.00673503
0.0123147
0.0241965
0.0115684
0.0060957
0.00440548
0.00413009
0.00508034
0.00725899
0.00757352
0.00697541
0.00549906
0.00632243
0.00834314
0.0102802
0.00581144
0.00474466
0.0105329
0.0135594
0.0123079
0.00952899
0.00840302
0.00439684
0.00264363
0.00656435
0.00886908
0.00475197
0.00425129
0.00497811
0.00638543
0.00743301
0.0109969
0.0125046
0.00797206
0.004033
0.00402935
0.00381277
0.00251722
0.00171699
0.00518812
0.00777267
0.0200371
0.0179701
0.00944419
0.0118286
0.00797385
0.00750955
0.00587542
0.00534615
0.00703917
0.00516652
0.00603181
0.00517564
0.00665656
0.00567473
0.00644362
0.00846018
0.0139194
0.00718895
0.00222662
0.00365899
0.00437052
0.00636363
0.00637307
0.0066574
0.00881066
0.0149076
0.0113738
0.00883509
0.00607535
0.00635796
0.00650168
0.00643189
0.0064394
0.00705417
0.00937436
0.0105995
0.00548126
0.00409727
0.00549374
0.00630762
0.00692213
0.00549038
0.00675637
0.00614543
0.0064203
0.00570144
0.00721979
0.00829751
0.0101162
0.0140997
0.0120784
0.00791341
0.00778914
0.0107659
0.00848359
0.00639233
0.00814955
0.00754506
0.0066464
0.00591179
0.00787677
0.00640947
0.00833263
0.0045449
0.00352188
0.00713306
0.00556975
0.0025286
0.00444667
0.0094271
0.0170787
0.0145831
0.0135052
0.00723541
0.0083014
0.00426245
0.00530766
0.00498791
0.00714167
0.00460537
0.00701333
0.00717052
0.00584968
0.00864593
0.0097933
0.00881851
