0.606254
0.775922
0.435198
0.570045
0.359648
0.423042
0.387056
0.312756
0.30154
0.26352
0.241602
0.213682
0.235186
0.165995
0.216553
0.190131
0.199965
0.126068
0.155532
0.194083
0.149664
0.204015
0.199241
0.156186
0.15692
0.14747
0.190102
0.18124
0.138548
0.186107
0.18021
0.168039
0.185974
0.131088
0.196938
0.165133
0.166652
0.148089
0.149319
0.201743
0.191669
0.198293
0.169523
0.173576
0.150239
0.172703
0.155562
0.158926
0.134531
0.163811
0.144031
0.158606
0.187605
0.0980931
0.205994
0.153675
0.184379
0.194232
0.203726
0.154849
0.141016
0.179758
0.142815
0.172901
0.168253
0.242245
0.209955
0.202983
0.178082
0.196128
0.354422
0.587238
0.181026
0.250854
0.181566
0.139153
0.135632
0.223356
0.243172
0.157773
0.210458
0.216268
0.253008
0.312822
0.222255
0.194903
0.164155
0.204317
0.205791
0.180738
0.179989
0.16512
0.227584
0.260307
0.221981
0.146087
0.194256
0.178918
0.176677
0.17051
0.195586
0.175155
0.188427
0.194952
0.122075
0.1461
0.17491
0.259484
0.224165
0.238039
0.20771
0.174843
0.142311
0.147776
0.182686
0.14711
0.128428
0.168628
0.218802
0.186101
0.177498
0.278408
0.276218
0.186662
0.124926
0.112106
0.135692
0.174987
0.148192
0.173347
0.211069
0.175134
0.214695
0.56437
2.45729
0.519503
0.449208
0.306128
0.195405
0.183321
0.164833
0.176172
0.118497
0.145497
0.169503
0.244114
0.209745
0.240877
0.138853
0.155172
0.238626
0.145868
0.13218
0.156299
0.148874
0.168924
0.215747
0.223928
0.228744
0.235152
0.119597
0.221721
0.192508
0.13643
0.23224
0.204744
0.20177
0.180865
0.133277
0.181464
0.203701
0.122007
0.165961
0.168964
0.204567
0.282138
0.153978
0.233041
0.570186
0.184592
0.172004
0.201352
0.22281
0.225428
0.254649
0.197161
0.131828
0.196587
0.152072
0.178105
0.33635
0.313881
0.232743
0.156626
0.17789
0.167294
0.168119
0.20969
0.226922
0.293857
0.212015
0.155915
0.171141
0.143234
0.122598
0.203974
0.227722
0.131003
0.234232
0.396403
0.290551
0.220527
0.16915
0.23178
0.261048
0.180868
0.129342
0.185008
0.132455
0.196035
0.184668
0.137028
0.168354
0.273941
0.320003
0.120803
0.145801
0.226738
0.251061
0.153903
0.173611
0.17542
0.211671
0.180196
0.154729
0.171203
0.160814
0.147945
0.151958
0.195424
0.220653
0.189948
0.12818
0.201335
0.202063
0.210239
0.126202
0.186329
0.147042
0.151405
0.177596
0.135497
0.127591
0.134143
0.187279
0.230541
0.26669
0.233736
0.150923
0.325857
0.196641
0.145749
0.197252
0.179337
0.15716
0.19824
0.163643
0.179572
0.181895
0.227552
0.203935
0.228927
0.176865
0.177008
0.18161
0.192637
0.166843
0.122203
0.16583
0.194953
0.513927
0.147816
0.183264
0.18344
0.164374
0.151986
0.175961
0.13978
0.217019
0.132943
0.154635
0.162695
0.154977
0.185493
0.174288
0.199216
0.154551
0.156361
0.147898
0.159635
0.182838
0.188102
0.199789
0.239441
0.289948
0.225768
0.157976
0.178013
0.170568
0.17302
0.157447
0.159008
0.203494
0.140347
0.175989
0.121492
0.231476
0.263053
0.191891
0.247774
0.157309
0.171787
0.170091
0.152964
0.178281
0.207924
0.146941
0.180598
0.171109
0.23584
0.16136
0.202884
0.182564
0.174458
0.143372
0.172777
0.190847
0.205884
0.175559
0.227422
0.15175
0.170457
0.165175
0.239079
0.248904
0.159802
0.142401
0.145602
0.192693
0.166102
0.185064
0.244741
0.189923
0.209326
0.216303
0.233041
0.169358
0.190311
0.123556
0.147159
0.188357
0.183873
0.193478
0.112057
0.130991
0.12596
0.231088
0.193612
0.161795
0.196752
0.153254
0.217851
0.22156
0.135706
0.122247
0.187084
0.103125
0.1523
0.170234
0.226872
0.199185
0.152127
0.223177
0.195702
0.161925
0.178374
0.136595
0.124321
0.192183
0.136653
0.165781
0.147218
0.146045
0.172706
0.199683
0.183223
0.129444
0.187896
0.171282
0.16847
0.192947
0.127676
0.158596
0.13405
0.205897
0.170677
0.120358
0.215268
0.154346
0.111752
0.216234
0.218388
0.180366
0.166132
0.189422
0.164925
0.17084
0.214588
0.279596
0.165614
0.207814
0.180574
0.168547
0.190465
0.223041
0.175872
0.182838
0.222921
0.176668
0.135898
0.218351
0.12501
0.161757
0.204317
0.154443
0.17283
0.165611
0.216212
0.195803
0.178031
0.133734
0.170342
0.1919
0.185161
0.130541
0.152314
0.139593
0.168633
0.167282
0.162814
0.216349
0.154463
0.202059
0.18874
0.131929
0.187363
0.188545
0.202719
0.134995
0.196255
0.175289
0.188698
0.17079
0.171493
0.167998
0.175311
0.103114
0.192186
0.136802
0.217958
0.210948
0.166079
0.178111
0.17138
0.166987
0.183373
0.189636
0.183938
0.171045
0.150811
0.200386
0.21348
0.173352
0.195529
0.177544
0.158197
0.138318
0.168068
0.148452
0.195472
0.169045
0.164847
0.151582
0.158022
0.195576
0.154816
0.141884
0.164309
0.145372
0.158108
0.167274
0.186858
0.202446
0.208084
0.180486
0.207446
0.189687
0.121378
0.196467
0.161242
0.175848
0.168773
0.156599
0.166124
0.091288
0.188345
0.154333
0.181804
0.174795
0.160281
0.202598
0.151815
0.183351
0.184676
0.169128
0.210988
0.157135
0.2277
0.171002
0.213337
0.148323
0.137664
0.185263
0.186862
0.174466
0.212816
0.193155
0.139619
0.158772
0.164112
0.171251
0.187473
0.200235
0.204195
0.179899
0.167839
0.198584
0.103539
0.169154
0.164351
0.122187
0.192627
0.163971
0.145522
0.140498
0.165437
0.178885
0.146044
0.174952
0.17424
0.166184
0.174883
0.133199
0.127003
0.166259
0.210699
0.175987
0.202368
0.179242
0.159761
0.218251
0.164086
0.192446
0.154987
0.149849
0.155915
0.248864
0.187732
0.151626
0.164133
0.183391
0.179808
0.221115
0.215009
0.194233
0.136535
0.166358
0.118096
0.151022
0.16036
0.181362
0.202861
0.16094
0.256164
0.149407
0.186806
0.168355
0.162974
0.178729
0.210727
0.164478
0.21432
0.110383
0.109324
0.136708
0.153947
0.161599
0.108851
0.1319
0.133756
0.154326
0.176995
0.178828
0.160724
0.189639
0.129156
0.46977
0.175555
0.181573
0.107049
0.150466
0.217934
0.202845
0.184653
0.194452
0.171313
0.177965
0.173051
0.152126
0.153599
0.220924
0.151428
0.142133
0.209487
0.149026
0.164995
0.116597
0.129803
0.122387
0.146629
0.154786
0.17184
0.171819
0.184173
0.187236
0.158531
0.15714
0.156838
0.183723
0.196485
0.203249
0.126909
0.187469
0.118079
0.119284
0.158827
0.144543
0.130192
0.173901
0.150111
0.130255
0.180019
0.179901
0.218884
0.1558
0.16771
0.180541
0.152656
0.153715
0.175251
0.143745
0.232168
0.17774
0.142611
0.180884
0.222982
0.155422
0.11093
0.138701
0.168497
0.123504
0.13846
0.153552
0.213117
0.146279
0.122631
0.204725
0.164723
0.202586
0.142923
0.210047
0.152438
0.150494
0.203946
0.179088
0.163365
0.175664
0.117274
0.225237
0.173065
0.1284
0.199013
0.192459
0.159435
0.170753
0.171263
0.191467
0.188823
0.197986
0.189298
0.231592
0.200635
0.198882
0.166652
0.248961
0.166569
0.193302
0.151984
0.159868
0.15295
0.150444
0.210043
0.195241
0.208681
0.19406
0.117204
0.172273
0.1826
0.131028
0.216774
0.166432
0.148388
0.213595
0.135927
0.194575
0.166562
0.167659
0.227115
0.209356
0.162137
0.225709
0.194416
0.241524
0.199192
0.133184
0.264902
0.143682
0.171819
0.174112
0.193512
0.183971
0.18702
0.189433
0.180371
0.15773
0.219622
0.170252
0.239701
0.172604
0.249034
0.199018
0.134807
0.1542
0.137804
0.128768
0.136982
0.140382
0.177356
0.253318
0.159193
0.137087
0.183927
0.19832
0.109553
0.187628
0.223088
0.230515
0.174879
0.163589
0.184545
0.1556
0.194147
0.155055
0.13563
0.145119
0.171983
0.195243
0.241558
0.169977
0.165164
0.204061
0.180494
0.163515
0.176772
0.161152
0.127975
0.151346
0.167275
0.186004
0.221607
0.1373
0.213014
0.175063
0.127361
0.224747
0.167751
0.13865
0.160348
0.144855
0.198268
0.172362
0.17083
0.17376
0.16966
0.227291
0.174635
0.16498
0.141553
0.169125
0.18205
0.136838
0.153604
0.161531
0.132558
0.205869
0.230219
0.199513
0.200648
0.191817
0.205945
0.19375
0.187758
0.159231
0.162146
0.138257
0.162025
0.183954
0.171003
0.136289
0.188166
0.150314
0.183603
0.239782
0.19317
0.169034
0.175433
0.237074
0.168875
0.143411
0.171472
0.16046
0.169646
0.158853
0.153982
0.166038
0.248019
0.137062
0.125929
0.222822
0.141409
0.161286
0.145038
0.239951
0.253182
0.181153
0.270793
0.151508
0.245774
0.183762
0.341907
0.330843
0.143006
0.17673
0.18192
0.26083
0.297386
0.214913
0.151105
0.201401
0.14605
0.252916
0.260742
0.214648
0.22082
0.165939
0.150737
0.188402
0.138942
0.174758
0.157701
0.195928
0.16119
0.130804
0.235999
0.275741
0.231099
0.269127
0.199358
0.250762
0.264835
0.210194
0.213846
0.174343
0.207266
0.231057
0.278618
0.300004
0.290281
0.256999
0.160394
0.162596
0.176997
0.174569
0.170971
0.261795
0.239863
0.190231
0.198488
0.230906
0.246473
0.219937
0.176359
0.189597
0.220963
0.150494
0.194646
0.172531
0.161081
0.254013
0.340692
0.250325
0.145019
0.157672
0.154963
0.172296
0.18664
0.167658
0.322075
0.218929
0.173606
0.168058
0.167978
0.161541
0.159791
0.162049
0.181411
0.158321
0.181191
0.187974
0.169868
0.299462
0.145868
0.135834
0.115699
0.125793
0.195477
0.191263
0.258228
0.206237
0.127712
0.186965
0.202348
0.19107
0.197359
0.185597
0.180296
0.177679
0.183986
0.229972
0.206852
0.182637
0.203154
0.215944
0.130356
0.173688
0.170665
0.169285
0.151997
0.209612
0.275379
0.161693
0.16171
0.274024
0.322101
0.295095
0.259665
0.183062
0.220826
0.124586
0.224238
0.163886
0.158855
0.162814
0.157053
0.191935
0.170818
0.214472
0.184307
0.164842
0.2034
0.165687
0.188323
0.19571
0.162703
0.133088
0.179966
0.18337
0.16794
0.226718
0.19465
0.163274
0.178366
0.207004
0.15826
0.255317
0.327657
0.309447
0.141826
0.165092
0.188278
0.165127
0.199538
0.193139
0.162688
0.178127
0.225326
0.179336
0.165828
0.154488
0.195766
0.170467
0.159888
0.183742
0.122191
0.205852
0.182354
0.180318
0.172887
0.167594
0.187026
0.228005
0.160694
0.206794
0.210264
0.164332
0.212449
0.172443
0.154705
0.126811
0.171709
0.133804
0.285571
0.422639
0.122195
0.174263
0.155814
0.179886
0.177399
0.196933
0.198776
0.16333
0.174817
0.134378
0.158109
0.15943
0.212581
0.202466
0.229319
0.156296
0.160181
0.228936
0.296688
0.179687
0.245095
0.212446
0.166894
0.192136
0.332231
0.278198
0.177286
0.203029
0.167517
0.192115
0.23317
0.18491
0.183907
0.166036
0.266887
0.285562
0.192272
0.167478
0.166794
0.237471
0.239021
0.22083
0.27167
0.26778
0.167829
0.170989
0.162755
0.174734
0.175374
0.246484
0.268246
0.175201
0.143204
0.16126
0.223149
0.202356
0.193751
0.201278
0.176662
0.117684
0.157247
0.286144
0.205906
0.147487
0.189576
0.193909
0.17823
0.199618
0.263197
0.230959
0.134938
0.124144
0.113313
0.16146
0.161104
0.164478
0.274407
0.225347
0.171728
0.278178
0.225183
0.269845
0.191743
0.155847
0.226619
0.19851
0.210638
0.218542
0.218261
0.179509
0.143202
0.16898
0.301368
0.265577
0.299882
0.157682
0.201078
0.266182
0.13701
0.129512
0.160363
0.151258
0.177212
0.218916
0.292072
0.228097
0.21125
0.173445
0.225716
0.257591
0.163297
0.221585
0.188445
0.153176
0.167004
0.14952
0.179118
0.220255
0.120111
0.169627
0.148579
0.142013
0.212708
0.164458
0.114805
0.233367
0.182471
0.167605
0.17112
0.189557
0.161393
0.193852
0.30448
0.24494
0.188255
0.151013
0.151898
0.256025
0.224279
0.194815
0.203339
0.215181
0.166291
0.140141
0.165728
0.202701
0.156653
0.19228
0.193024
0.155731
0.146776
0.13392
0.236585
0.230963
0.122022
0.164782
0.210549
0.14968
0.19157
0.169761
0.175817
0.221352
0.161255
0.139691
0.192869
0.139981
0.208104
0.21889
0.184287
0.142473
0.208991
0.217129
0.124252
0.160106
0.179244
0.158721
0.171378
0.207235
0.149325
0.147375
0.147888
0.174703
0.218994
0.154883
0.165732
0.221335
0.257113
0.221213
0.183864
0.140809
0.207053
0.225925
0.21007
0.140454
0.186186
0.157341
0.158237
0.158908
0.145825
0.117324
0.153094
0.193395
0.22561
0.204342
0.258969
0.130664
0.160343
0.217072
0.156417
0.192117
0.183459
0.155653
0.193328
0.158245
0.138652
0.128802
0.228173
0.209337
0.197723
0.204309
0.167648
0.164372
0.252622
0.228173
0.139919
0.168802
0.192575
0.154289
0.134546
0.195503
0.177533
0.176966
0.182547
0.175843
0.135908
0.223429
0.157336
0.175224
0.147201
0.139032
0.167011
0.152212
0.219571
0.198087
0.217893
0.154686
0.160848
0.176038
0.194051
0.174135
0.18935
0.220837
0.186236
0.170905
0.20793
0.194607
0.155284
0.218721
0.161422
0.229727
0.173545
0.180591
0.148666
0.196624
0.228074
0.17509
0.291952
0.171127
0.187154
0.171111
0.149439
0.187554
0.198684
0.11811
0.184685
0.169591
0.25014
0.205145
0.207725
0.196061
0.201001
0.136527
0.146117
0.17215
0.196838
0.179597
0.229068
0.165363
0.179424
0.158081
0.246667
0.240251
0.15188
0.151168
0.161516
0.205692
0.177201
0.170242
0.186616
0.194531
0.229907
0.179916
0.243085
0.173515
0.207322
0.124868
0.157129
0.190154
0.168024
0.184842
0.115471
0.121002
0.162546
0.244315
0.194961
0.163436
0.194154
0.125989
0.203814
0.211417
0.133471
0.128108
0.203545
0.11219
0.151798
0.17033
0.210486
0.181578
0.153173
0.301861
0.193115
0.159591
0.158689
0.137273
0.131267
0.180856
0.146951
0.168503
0.137688
0.171524
0.197572
0.189881
0.153859
0.131628
0.202688
0.137094
0.191883
0.185634
0.142362
0.153213
0.125266
0.203463
0.18806
0.130716
0.206766
0.155507
0.12838
0.213694
0.208381
0.188528
0.161949
0.185181
0.189932
0.181622
0.209703
0.22706
0.163429
0.216147
0.188265
0.190362
0.195455
0.190303
0.204605
0.177314
0.222272
0.179936
0.145636
0.22284
0.134877
0.156134
0.203105
0.1556
0.169794
0.15495
0.221905
0.195178
0.170479
0.135405
0.164424
0.173026
0.186053
0.138901
0.147244
0.134115
0.144608
0.212739
0.179872
0.210704
0.152141
0.181712
0.177164
0.122975
0.202034
0.222288
0.199632
0.138237
0.198109
0.168338
0.169169
0.193139
0.197017
0.184338
0.177142
0.114832
0.179075
0.164943
0.20974
0.220892
0.164725
0.177647
0.150945
0.166113
0.185556
0.203158
0.167552
0.173946
0.157513
0.182949
0.192542
0.208329
0.189457
0.179402
0.163308
0.140205
0.184597
0.15805
0.201601
0.164471
0.170076
0.144328
0.156795
0.185901
0.158774
0.150939
0.159156
0.164731
0.155964
0.167384
0.177141
0.184177
0.191751
0.200869
0.196329
0.188247
0.12053
0.189595
0.15416
0.183399
0.162224
0.152849
0.179452
0.0919004
0.187909
0.165642
0.18961
0.164984
0.153873
0.186006
0.150428
0.179345
0.190234
0.169235
0.214781
0.159024
0.278785
0.206565
0.201751
0.169734
0.130654
0.178836
0.181701
0.177778
0.239869
0.179636
0.152272
0.163309
0.159582
0.170344
0.177788
0.197088
0.201382
0.169038
0.167637
0.208469
0.107671
0.186777
0.163601
0.12412
0.175296
0.155477
0.145262
0.142436
0.172292
0.160243
0.128325
0.16909
0.165406
0.17435
0.165827
0.120208
0.160304
0.174252
0.207083
0.178335
0.182211
0.16929
0.16339
0.218933
0.163912
0.200101
0.152618
0.140188
0.169634
0.220195
0.18421
0.121238
0.164707
0.168103
0.210763
0.234661
0.193212
0.182657
0.136061
0.183182
0.134759
0.141929
0.173302
0.168773
0.188569
0.150966
0.230079
0.144628
0.200011
0.168298
0.166437
0.19484
0.212857
0.16192
0.223436
0.11261
0.116529
0.125806
0.146938
0.162278
0.0986259
0.158187
0.132605
0.15429
0.160491
0.17599
0.162111
0.205148
0.143449
0.238461
0.171078
0.181003
0.107968
0.155251
0.219077
0.208423
0.197593
0.193343
0.164757
0.170308
0.181138
0.160869
0.160907
0.207742
0.158858
0.137166
0.215014
0.158667
0.165686
0.113976
0.13138
0.119884
0.146803
0.157455
0.174331
0.170127
0.188343
0.16558
0.158392
0.1567
0.156117
0.187132
0.204106
0.193728
0.121765
0.194952
0.128896
0.131049
0.161961
0.143599
0.13234
0.192409
0.153383
0.130725
0.173231
0.191877
0.220868
0.162511
0.180373
0.182167
0.173955
0.158531
0.172544
0.177774
0.176745
0.18292
0.142342
0.185267
0.213081
0.145571
0.113882
0.139989
0.168662
0.123478
0.144645
0.14272
0.217399
0.151459
0.130844
0.203223
0.160841
0.183543
0.160364
0.209375
0.14408
0.15165
0.226145
0.179341
0.170206
0.163306
0.134088
0.231953
0.159043
0.143699
0.200137
0.206224
0.166512
0.163878
0.179
0.195272
0.178702
0.182214
0.191212
0.220458
0.192417
0.206442
0.168753
0.261381
0.16644
0.186851
0.164548
0.164939
0.143831
0.169019
0.20411
0.205369
0.201793
0.179088
0.120098
0.181253
0.184407
0.130024
0.207922
0.177488
0.165309
0.204002
0.148776
0.188255
0.160156
0.16918
0.228543
0.224373
0.197258
0.218627
0.204853
0.273972
0.195047
0.154048
0.2304
0.150935
0.171554
0.169313
0.204724
0.172848
0.193316
0.182363
0.182368
0.167781
0.221359
0.149656
0.234651
0.156174
0.247404
0.197722
0.130014
0.158402
0.142439
0.133046
0.130207
0.142563
0.177161
0.248128
0.153915
0.129675
0.191956
0.203081
0.104661
0.195771
0.230376
0.246549
0.170987
0.15946
0.186434
0.173571
0.197388
0.169179
0.131509
0.136252
0.17252
0.194609
0.18153
0.165291
0.135549
0.159404
0.178263
0.162523
0.186651
0.151098
0.1235
0.150175
0.180573
0.184166
0.203009
0.144146
0.215202
0.165761
0.172529
0.200493
0.147902
0.126639
0.162928
0.148349
0.193434
0.177155
0.181464
0.174683
0.174326
0.207176
0.178401
0.159593
0.155529
0.176054
0.19585
0.134994
0.143324
0.151479
0.136157
0.192539
0.24948
0.182102
0.213296
0.19473
0.181988
0.181117
0.188572
0.191322
0.180351
0.157299
0.164951
0.18208
0.17216
0.130334
0.193989
0.149066
0.193671
0.23036
0.190189
0.167832
0.176714
0.235548
0.164592
0.146505
0.165746
0.1386
0.165664
0.159989
0.153997
0.132596
0.218486
0.14383
0.123535
0.237466
0.185985
0.151091
0.121709
0.202943
0.172416
0.177496
0.152874
0.167717
0.231397
0.187342
0.185656
0.21312
0.135594
0.231507
0.27479
0.164485
0.178464
0.12325
0.168964
0.197759
0.131505
0.19939
0.180876
0.149349
0.176769
0.15211
0.155146
0.154775
0.221989
0.170759
0.168858
0.195827
0.162861
0.127118
0.160624
0.185775
0.166731
0.196559
0.180866
0.203936
0.337279
0.236668
0.203357
0.185851
0.222787
0.200934
0.237193
0.220521
0.106539
0.185282
0.164633
0.163443
0.167109
0.148571
0.159457
0.139993
0.136146
0.171717
0.19595
0.221194
0.21073
0.184295
0.173761
0.184169
0.223561
0.157731
0.180692
0.174277
0.158958
0.176892
0.1706
0.183774
0.128939
0.154352
0.157428
0.164022
0.183391
0.147498
0.174847
0.156854
0.142914
0.157998
0.174071
0.154212
0.158627
0.161702
0.149596
0.14493
0.159874
0.186362
0.16218
0.230471
0.202972
0.186121
0.12043
0.125441
0.177827
0.143805
0.142629
0.180722
0.130706
0.162622
0.185707
0.15498
0.164883
0.179623
0.188131
0.150778
0.13975
0.165784
0.2185
0.185437
0.185423
0.175328
0.131005
0.149684
0.16998
0.214474
0.160139
0.216658
0.201
0.151415
0.15464
0.205414
0.198372
0.21618
0.227906
0.173051
0.21557
0.13489
0.196208
0.149588
0.186473
0.142916
0.161451
0.194934
0.153889
0.198846
0.171719
0.145892
0.206075
0.164128
0.178875
0.197635
0.195838
0.169537
0.218319
0.142012
0.15435
0.214168
0.202632
0.133459
0.179459
0.200876
0.135501
0.184571
0.226733
0.212016
0.124696
0.146654
0.191541
0.150657
0.197088
0.200279
0.16384
0.175197
0.162231
0.164071
0.18337
0.152454
0.185665
0.171779
0.158404
0.18171
0.125395
0.210098
0.15681
0.15317
0.152168
0.150433
0.198426
0.181824
0.194289
0.153904
0.159374
0.145706
0.18541
0.1513
0.165428
0.13698
0.163731
0.13053
0.149581
0.186962
0.0837318
0.191384
0.138698
0.191559
0.178553
0.191609
0.138595
0.135744
0.18318
0.136523
0.1488
0.135951
0.201389
0.175137
0.171488
0.158499
0.152394
0.186749
0.308006
0.160621
0.212302
0.183525
0.142636
0.14308
0.206147
0.19598
0.168095
0.201352
0.169925
0.182647
0.208915
0.195398
0.181975
0.155551
0.203186
0.185446
0.181827
0.184456
0.15443
0.213844
0.193299
0.150426
0.136411
0.183998
0.179309
0.166948
0.163335
0.178836
0.153368
0.167124
0.162297
0.12169
0.137617
0.157576
0.220069
0.191397
0.187635
0.187485
0.158335
0.128193
0.142239
0.18653
0.145442
0.127507
0.159981
0.200307
0.170284
0.161625
0.222969
0.208641
0.133971
0.117242
0.111653
0.144106
0.167119
0.142704
0.176353
0.213027
0.16591
0.220134
0.170804
0.179705
0.163553
0.159629
0.232576
0.19805
0.188205
0.172108
0.173261
0.119612
0.144972
0.168571
0.245061
0.204876
0.242222
0.133526
0.158581
0.235579
0.142394
0.130789
0.160175
0.149109
0.169468
0.212478
0.192218
0.192172
0.204989
0.120783
0.22407
0.194659
0.135289
0.226181
0.182396
0.1519
0.165467
0.145064
0.178294
0.204101
0.119128
0.164162
0.142863
0.1513
0.179352
0.149853
0.111535
0.236651
0.168351
0.163842
0.17079
0.184679
0.161517
0.192287
0.186803
0.15142
0.20011
0.150985
0.151325
0.255571
0.193675
0.145124
0.157414
0.186177
0.158952
0.143694
0.167701
0.161987
0.178483
0.179181
0.203953
0.162061
0.137498
0.119208
0.210853
0.229759
0.132994
0.17388
0.190295
0.167542
0.175712
0.138767
0.195383
0.192269
0.140263
0.134758
0.186427
0.132458
0.189277
0.183089
0.13801
0.16481
0.181953
0.195553
0.117936
0.156243
0.180512
0.164978
0.139835
0.18023
0.162847
0.147353
0.145985
0.170589
0.175932
0.159911
0.138922
0.154729
0.193054
0.216144
0.181426
0.117684
0.191163
0.184496
0.20369
0.123064
0.186799
0.150913
0.152469
0.181779
0.128109
0.124719
0.124316
0.171617
0.212234
0.239508
0.224685
0.103311
0.161376
0.198137
0.140055
0.188608
0.175002
0.15533
0.192658
0.161564
0.140495
0.137589
0.212675
0.190298
0.166404
0.178081
0.162175
0.16574
0.184534
0.169023
0.123973
0.153249
0.195636
0.151042
0.119081
0.30562
0.192247
0.158631
0.146381
0.171546
0.128645
0.213776
0.139136
0.144271
0.145881
0.138099
0.154539
0.149469
0.170271
0.153524
0.167717
0.147323
0.157558
0.18107
0.185965
0.181576
0.202216
0.224764
0.195283
0.157504
0.17791
0.173341
0.167607
0.162639
0.138621
0.207585
0.137646
0.176074
0.13117
0.194528
0.225693
0.182421
0.241874
0.153836
0.170014
0.164663
0.149182
0.181672
0.200344
0.121962
0.173665
0.16375
0.223852
0.163971
0.198614
0.18531
0.17634
0.137703
0.151369
0.161591
0.196635
0.168441
0.230793
0.158213
0.171161
0.158152
0.238628
0.238951
0.148743
0.140484
0.144231
0.194668
0.150613
0.16712
0.184755
0.186908
0.206062
0.185382
0.224074
0.174286
0.191239
0.123666
0.145297
0.189583
0.172869
0.186789
0.111988
0.12539
0.119123
0.227087
0.185213
0.167427
0.185933
0.1344
0.203341
0.216632
0.137806
0.119647
0.18374
0.0986925
0.148455
0.170764
0.214559
0.184897
0.152293
0.210446
0.190018
0.156311
0.173538
0.137291
0.127832
0.180079
0.134168
0.16878
0.137057
0.146523
0.177302
0.180392
0.165322
0.127163
0.194686
0.159753
0.168253
0.184347
0.133762
0.152249
0.122881
0.194163
0.164871
0.126212
0.205329
0.243132
0.11395
0.212006
0.213148
0.177261
0.160051
0.187978
0.167316
0.165579
0.197574
0.215684
0.148694
0.209861
0.184621
0.177902
0.183652
0.213148
0.183298
0.180895
0.222823
0.172248
0.134825
0.219967
0.12392
0.156183
0.205684
0.154292
0.166535
0.154926
0.213867
0.193917
0.164109
0.136504
0.170357
0.182587
0.182495
0.124499
0.146954
0.135114
0.164813
0.16392
0.162072
0.217018
0.154211
0.199991
0.166441
0.126837
0.188068
0.194843
0.186824
0.134303
0.196863
0.180765
0.186131
0.171623
0.175599
0.162607
0.176265
0.105705
0.19381
0.136699
0.222266
0.223882
0.158362
0.177018
0.14254
0.155179
0.184417
0.196034
0.176225
0.169037
0.154197
0.200911
0.205946
0.172312
0.195599
0.178043
0.155793
0.136944
0.169506
0.159485
0.199668
0.155427
0.167738
0.144953
0.155707
0.196164
0.155475
0.145378
0.155097
0.148435
0.154284
0.164229
0.18243
0.200459
0.20403
0.185049
0.198496
0.188852
0.117494
0.19168
0.16307
0.170907
0.167811
0.1537
0.164984
0.0922497
0.188317
0.147156
0.176206
0.166696
0.156182
0.197331
0.154932
0.180847
0.193198
0.168658
0.214306
0.156385
0.235178
0.171615
0.208428
0.153202
0.131997
0.186732
0.182356
0.178066
0.212319
0.198365
0.144134
0.15874
0.159339
0.173732
0.179259
0.204268
0.202876
0.170601
0.17068
0.20229
0.111107
0.171549
0.166642
0.124755
0.177552
0.159966
0.14341
0.14076
0.16
0.180636
0.141887
0.181664
0.165703
0.171833
0.172529
0.125185
0.125319
0.167201
0.212712
0.175302
0.194595
0.177919
0.159608
0.215204
0.170214
0.189568
0.149224
0.144241
0.158095
0.255901
0.185495
0.150816
0.153989
0.182694
0.178253
0.222379
0.213294
0.194612
0.134552
0.16373
0.121441
0.140751
0.156772
0.180487
0.20231
0.166892
0.267288
0.151215
0.18982
0.172224
0.167454
0.178656
0.216075
0.163254
0.216766
0.105891
0.109768
0.136164
0.149843
0.164845
0.105039
0.127581
0.134405
0.151956
0.177874
0.179666
0.158085
0.188928
0.129214
0.222147
0.183623
0.188722
0.107653
0.154427
0.25244
0.225452
0.188628
0.187515
0.172914
0.18124
0.170585
0.152743
0.154268
0.212059
0.151176
0.15147
0.213719
0.151948
0.164554
0.111633
0.130091
0.12
0.144739
0.156977
0.171744
0.170528
0.190228
0.200575
0.160079
0.159063
0.153754
0.178711
0.194696
0.207317
0.127564
0.183585
0.1179
0.117194
0.16009
0.143598
0.132962
0.173703
0.145702
0.125658
0.183348
0.182633
0.221121
0.16048
0.164114
0.18259
0.156771
0.147778
0.176135
0.14954
0.179337
0.180924
0.134893
0.171558
0.233258
0.152912
0.107784
0.137906
0.166787
0.127021
0.143478
0.149685
0.215936
0.152737
0.123183
0.197809
0.168034
0.211844
0.142405
0.209564
0.146791
0.155443
0.204584
0.256482
0.169369
0.166871
0.117553
0.2237
0.169987
0.135142
0.200627
0.19677
0.1609
0.168575
0.176789
0.193666
0.185111
0.217549
0.180276
0.224798
0.200676
0.200207
0.167335
0.249067
0.166455
0.19323
0.185466
0.156662
0.161679
0.157845
0.211772
0.192175
0.206361
0.205579
0.119685
0.171697
0.182178
0.129534
0.207403
0.170338
0.148095
0.213371
0.137717
0.185165
0.163223
0.17021
0.231649
0.211917
0.162797
0.223924
0.189327
0.245306
0.199294
0.137333
0.262925
0.13507
0.172058
0.173005
0.199119
0.178089
0.187759
0.189437
0.183931
0.158303
0.218975
0.165157
0.236177
0.166541
0.250921
0.208568
0.134794
0.156454
0.144802
0.132798
0.147001
0.143922
0.182482
0.237968
0.155488
0.136901
0.178262
0.200016
0.11664
0.189955
0.226753
0.231222
0.183476
0.162104
0.186205
0.15662
0.192881
0.164312
0.136197
0.141541
0.177983
0.187412
0.184513
0.166207
0.136988
0.154162
0.178344
0.158656
0.178948
0.150361
0.123343
0.157969
0.180624
0.191401
0.205651
0.144938
0.204328
0.162975
0.161984
0.197513
0.148034
0.129294
0.159941
0.138408
0.193301
0.174089
0.175275
0.175697
0.188718
0.210828
0.174458
0.158448
0.166059
0.169631
0.174395
0.131476
0.142917
0.14977
0.141672
0.192469
0.237076
0.171644
0.197247
0.189581
0.17142
0.165406
0.167139
0.158751
0.166964
0.143169
0.150942
0.17687
0.172436
0.130763
0.192899
0.149542
0.191136
0.228761
0.189796
0.168814
0.182276
0.232067
0.175633
0.143346
0.163324
0.14401
0.164005
0.160991
0.161911
0.125502
0.213975
0.129247
0.130502
0.216645
0.146556
0.135524
0.122917
0.199518
0.156205
0.192087
0.155955
0.183297
0.23198
0.19616
0.187887
0.220843
0.137386
0.202122
0.213537
0.153971
0.178142
0.124578
0.16488
0.19635
0.134443
0.195816
0.173075
0.148713
0.175098
0.154832
0.145375
0.135219
0.16896
0.141051
0.1665
0.193177
0.15667
0.124782
0.157161
0.186435
0.166641
0.194965
0.178938
0.193437
0.299126
0.218513
0.198078
0.181758
0.215525
0.193468
0.237648
0.220955
0.106201
0.182969
0.152985
0.153475
0.16491
0.149563
0.16372
0.142012
0.136026
0.175429
0.189344
0.194651
0.197016
0.258053
0.17688
0.173547
0.216503
0.155008
0.183082
0.17364
0.15583
0.170129
0.153783
0.183017
0.137794
0.153895
0.150498
0.163116
0.183111
0.147891
0.171448
0.146603
0.147163
0.161761
0.171032
0.148911
0.15934
0.158559
0.147742
0.148163
0.160004
0.185167
0.15931
0.237623
0.205512
0.141006
0.11203
0.124418
0.177312
0.145184
0.14028
0.180725
0.130404
0.161985
0.184297
0.15159
0.162523
0.180048
0.184646
0.14851
0.14154
0.160142
0.22393
0.190586
0.185162
0.175027
0.130667
0.150393
0.158067
0.192716
0.153093
0.211834
0.196435
0.152854
0.154077
0.205986
0.199276
0.210639
0.220181
0.17076
0.21432
0.131235
0.308809
0.138356
0.175858
0.145348
0.160291
0.195966
0.154058
0.199188
0.171451
0.145664
0.204767
0.16238
0.178144
0.200515
0.183879
0.152972
0.213167
0.141284
0.154573
0.213998
0.201855
0.133196
0.179451
0.201167
0.136531
0.184201
0.222686
0.203665
0.126978
0.146004
0.191694
0.151159
0.196427
0.198141
0.160999
0.172452
0.153055
0.163594
0.187564
0.146856
0.188251
0.169234
0.155893
0.176846
0.122644
0.210706
0.156412
0.153016
0.151848
0.151294
0.198323
0.181807
0.188892
0.15304
0.160006
0.145857
0.18539
0.150434
0.160347
0.132991
0.165351
0.130853
0.153151
0.185825
0.0807608
0.187541
0.139737
0.191206
0.17523
0.192055
0.13887
0.135629
0.182685
0.135815
0.148937
0.135937
0.199369
0.172933
0.203454
0.159265
0.152169
0.188755
0.28588
0.156827
0.213319
0.183023
0.14289
0.143176
0.205182
0.194572
0.169145
0.199047
0.168121
0.179534
0.206199
0.194483
0.182009
0.155958
0.201971
0.185395
0.181707
0.184007
0.154099
0.213683
0.190877
0.150261
0.136425
0.184177
0.177953
0.167359
0.162932
0.179285
0.152677
0.166396
0.161603
0.122215
0.137574
0.157414
0.220154
0.191303
0.185662
0.186152
0.157748
0.127762
0.14223
0.186603
0.145516
0.12743
0.160007
0.300822
0.186696
0.158755
0.21493
0.195333
0.133238
0.118091
0.111753
0.143932
0.166853
0.142942
0.176273
0.210691
0.166602
0.218629
0.165892
0.179597
0.164082
0.157976
0.232465
0.198062
0.188333
0.172034
0.173209
0.119399
0.144783
0.16885
0.244779
0.204971
0.242261
0.132891
0.158607
0.235434
0.142096
0.130289
0.159391
0.148698
0.170422
0.211303
0.188526
0.189903
0.204043
0.120983
0.224086
0.195198
0.135651
0.226113
0.180853
0.151074
0.16573
0.145012
0.178088
0.204017
0.118954
0.164103
0.142201
0.150803
0.178642
0.149435
0.111442
0.236478
0.168477
0.163904
0.17087
0.184281
0.160469
0.197025
0.186457
0.151107
0.199759
0.150427
0.150777
0.25491
0.193261
0.144961
0.157785
0.185979
0.159236
0.143456
0.167231
0.161475
0.177472
0.179736
0.203477
0.161687
0.137618
0.119203
0.210266
0.229372
0.134293
0.171475
0.189305
0.167475
0.175651
0.138781
0.195253
0.191094
0.139851
0.135055
0.1862
0.132332
0.189392
0.183074
0.137985
0.163818
0.179944
0.193437
0.118456
0.156137
0.180626
0.164924
0.139809
0.180366
0.162854
0.147276
0.146379
0.170393
0.175317
0.159661
0.138877
0.154662
0.193082
0.21613
0.181206
0.117182
0.19101
0.184237
0.203305
0.123597
0.186217
0.152019
0.152494
0.181521
0.127775
0.124719
0.124023
0.171105
0.21175
0.239095
0.224615
0.103441
0.16145
0.194797
0.139818
0.188556
0.174992
0.155243
0.192596
0.161567
0.139717
0.136945
0.212011
0.189502
0.165824
0.177445
0.16204
0.16572
0.184588
0.169031
0.123962
0.153135
0.195011
0.150212
0.119129
0.194898
0.182901
0.158933
0.14649
0.171583
0.128673
0.21376
0.139224
0.145733
0.146196
0.138331
0.154985
0.150139
0.171155
0.153366
0.16728
0.147281
0.157569
0.181113
0.186059
0.181667
0.202044
0.224341
0.192321
0.15777
0.179149
0.173446
0.167634
0.162707
0.138633
0.207672
0.137625
0.176135
0.130981
0.193437
0.225558
0.182319
0.241806
0.15381
0.170044
0.164779
0.149107
0.181857
0.199967
0.121683
0.173463
0.163672
0.223825
0.16415
0.198382
0.185411
0.176391
0.137445
0.15054
0.161135
0.196577
0.16822
0.231493
0.157285
0.17039
0.157341
0.236887
0.344804
0.138633
0.140587
0.145158
0.197134
0.156658
0.170604
0.184769
0.187328
0.203389
0.183069
0.223782
0.174371
0.191229
0.123652
0.14529
0.189551
0.172965
0.186849
0.111979
0.125381
0.119433
0.226675
0.185313
0.167478
0.185505
0.133918
0.203162
0.216531
0.137857
0.119647
0.183748
0.0986391
0.148509
0.170609
0.214014
0.184925
0.152447
0.210008
0.189943
0.156283
0.17343
0.220994
0.127064
0.180329
0.13409
0.16825
0.13659
0.14697
0.176698
0.178275
0.163742
0.127192
0.194825
0.160271
0.167776
0.184342
0.133761
0.152291
0.122865
0.194056
0.164882
0.126173
0.205355
0.156747
0.11417
0.211901
0.213178
0.177297
0.160071
0.187983
0.167366
0.1656
0.197698
0.217152
0.1485
0.20968
0.18391
0.178322
0.183597
0.209694
0.183027
0.180861
0.22274
0.172239
0.134849
0.219973
0.12392
0.156172
0.205676
0.154155
0.166659
0.154897
0.213905
0.1938
0.163767
0.136554
0.170446
0.18227
0.182098
0.124381
0.146907
0.134967
0.164395
0.163914
0.162125
0.216976
0.154178
0.199604
0.166146
0.126832
0.188032
0.194886
0.186477
0.134472
0.197192
0.18001
0.184461
0.171594
0.175505
0.162665
0.176199
0.105732
0.193839
0.1366
0.221994
0.223748
0.158403
0.177042
0.142605
0.155206
0.184352
0.195858
0.175986
0.169173
0.154255
0.200073
0.204565
0.171625
0.194845
0.178027
0.155861
0.13695
0.169513
0.159467
0.199643
0.155417
0.167716
0.145015
0.155699
0.196057
0.155328
0.145445
0.155162
0.148358
0.154224
0.164152
0.182579
0.200252
0.203736
0.184075
0.197919
0.188688
0.117541
0.191773
0.163067
0.17086
0.167776
0.153684
0.164953
0.0921507
0.188237
0.146907
0.176001
0.166396
0.155279
0.196884
0.155589
0.180952
0.192118
0.168361
0.214211
0.156127
0.234891
0.172516
0.208076
0.153222
0.132051
0.186549
0.182194
0.177905
0.212071
0.198163
0.143865
0.158797
0.159276
0.173819
0.179157
0.204104
0.202422
0.170443
0.170607
0.202005
0.110791
0.171223
0.166692
0.124677
0.177594
0.159752
0.143377
0.140648
0.160639
0.18011
0.140319
0.180396
0.16583
0.171617
0.238145
0.128038
0.125313
0.167462
0.21209
0.175666
0.194593
0.177245
0.160002
0.214815
0.16929
0.188814
0.149243
0.144054
0.15831
0.254932
0.185111
0.150668
0.153961
0.182655
0.17808
0.222534
0.212121
0.195032
0.134525
0.163793
0.121617
0.140676
0.157138
0.179432
0.201188
0.166447
0.266345
0.150976
0.189676
0.17214
0.167394
0.178671
0.216029
0.163405
0.216794
0.105935
0.10978
0.136198
0.149819
0.164698
0.104864
0.127597
0.134362
0.15191
0.177661
0.179436
0.158008
0.188624
0.129016
0.221468
0.183236
0.189167
0.107552
0.153165
0.245426
0.221797
0.188626
0.187711
0.172923
0.181221
0.170548
0.152642
0.15418
0.212148
0.150243
0.15376
0.214659
0.152327
0.164695
0.11162
0.130152
0.119967
0.144654
0.156818
0.171926
0.170578
0.189634
0.199755
0.160022
0.15898
0.153766
0.178607
0.194493
0.249999
0.127729
0.183721
0.11762
0.117314
0.160364
0.143459
0.132976
0.173093
0.146086
0.125513
0.183197
0.182768
0.221206
0.158085
0.166921
0.182772
0.15537
0.148495
0.176275
0.148391
0.17998
0.181842
0.134502
0.170342
0.235321
0.154179
0.108021
0.138239
0.166827
0.126046
0.143042
0.150899
0.216112
0.153529
0.123095
0.19732
0.167861
0.212217
0.143135
0.209957
0.146023
0.15482
0.204501
0.181361
0.166484
0.165599
0.117212
0.224305
0.171501
0.135673
0.20031
0.197474
0.160634
0.168361
0.177676
0.193739
0.185391
0.21991
0.181621
0.221114
0.197724
0.200382
0.167677
0.248323
0.166318
0.192813
0.153717
0.154574
0.157052
0.158397
0.212429
0.192056
0.255549
0.214161
0.119143
0.171121
0.181962
0.129176
0.207215
0.170076
0.14816
0.214002
0.137586
0.184878
0.162993
0.170501
0.231808
0.212301
0.162987
0.223434
0.190442
0.244936
0.199353
0.136985
0.263443
0.134847
0.17142
0.172451
0.199245
0.179227
0.187206
0.190291
0.18414
0.158463
0.21869
0.165136
0.236406
0.166633
0.249375
0.208652
0.134687
0.155826
0.144628
0.132717
0.146611
0.143533
0.183227
0.238417
0.156052
0.137468
0.17776
0.199984
0.116913
0.189924
0.226839
0.229815
0.182699
0.163539
0.186401
0.156718
0.19289
0.164219
0.136347
0.142193
0.177789
0.187512
0.184464
0.165995
0.137491
0.154448
0.177812
0.258322
0.18812
0.150292
0.123087
0.156732
0.176877
0.190749
0.204691
0.143185
0.203527
0.161372
0.161706
0.197358
0.148298
0.129453
0.159799
0.138457
0.193015
0.174538
0.174658
0.176061
0.189758
0.210998
0.174013
0.158655
0.166421
0.170502
0.175729
0.131901
0.14294
0.149782
0.141588
0.192321
0.237866
0.171372
0.197416
0.240742
0.174158
0.165033
0.164922
0.158699
0.16628
0.141314
0.149493
0.175724
0.172637
0.130928
0.193564
0.149356
0.19126
0.228164
0.189964
0.167238
0.183219
0.2314
0.176228
0.145251
0.161611
0.143454
0.163818
0.162127
0.164222
0.124474
0.213761
0.127643
0.130191
0.216572
0.146947
0.135257
0.122846
0.19899
0.155679
0.190857
0.154999
0.180568
0.232396
0.191637
0.185905
0.220913
0.142996
0.209039
0.2199
0.155619
0.178831
0.126338
0.159688
0.196131
0.134416
0.19532
0.171563
0.14938
0.174422
0.152997
0.147828
0.135055
0.171289
0.143667
0.166145
0.19295
0.156679
0.125559
0.156974
0.185787
0.165351
0.195089
0.179046
0.198925
0.297509
0.218886
0.198051
0.180611
0.212708
0.192319
0.237968
0.221219
0.106209
0.182696
0.152933
0.152959
0.164686
0.149167
0.163002
0.141054
0.134241
0.17684
0.191108
0.19885
0.196951
0.18683
0.258484
0.167334
0.217186
0.155299
0.182243
0.17495
0.156479
0.173139
0.155959
0.183992
0.133782
0.156173
0.15272
0.163114
0.183492
0.147196
0.172039
0.145798
0.1509
0.16069
0.169515
0.149559
0.160258
0.158553
0.147783
0.147706
0.159671
0.185102
0.15962
0.236136
0.209865
0.143872
0.11103
0.124318
0.177176
0.145211
0.139627
0.180522
0.130249
0.162411
0.186989
0.150903
0.16271
0.180794
0.185023
0.149214
0.140688
0.15905
0.225554
0.187847
0.184101
0.174323
0.130794
0.150527
0.158332
0.197166
0.154367
0.212586
0.19644
0.152532
0.152552
0.205929
0.198818
0.210673
0.221473
0.171489
0.214439
0.131164
0.196997
0.149764
0.175954
0.145657
0.160238
0.19624
0.154159
0.199191
0.171356
0.145644
0.204589
0.162412
0.178261
0.200674
0.184422
0.154037
0.211827
0.141152
0.154826
0.213813
0.20186
0.133357
0.179612
0.201168
0.136192
0.18399
0.223022
0.204454
0.127023
0.145875
0.191698
0.151098
0.196532
0.198442
0.16121
0.172957
0.153591
0.163716
0.187077
0.147145
0.188487
0.169246
0.155896
0.177106
0.122936
0.210698
0.156195
0.153077
0.151947
0.151309
0.198435
0.181528
0.189185
0.153092
0.160095
0.145899
0.185469
0.150375
0.159685
0.132494
0.165315
0.130699
0.153537
0.186222
0.0813268
0.187841
0.13959
0.191224
0.175527
0.192207
0.138133
0.136335
0.182269
0.136224
0.149537
0.135667
0.201769
0.174031
0.169311
0.157271
0.152333
0.186694
0.300481
0.155376
0.210436
0.18262
0.143404
0.142842
0.205111
0.194406
0.169252
0.199756
0.169038
0.180666
0.20697
0.194586
0.182035
0.155916
0.202146
0.185513
0.181969
0.183941
0.154702
0.21382
0.192079
0.150359
0.136616
0.184344
0.177653
0.167228
0.163004
0.179336
0.151897
0.165014
0.161375
0.122506
0.137843
0.157233
0.221283
0.191559
0.18655
0.186497
0.157615
0.127954
0.142242
0.186829
0.145581
0.127533
0.159869
0.200392
0.169548
0.1602
0.219152
0.205674
0.133273
0.118124
0.111559
0.143952
0.167031
0.142988
0.176289
0.21125
0.166485
0.218473
0.166508
0.179665
0.164084
0.158466
0.232611
0.197908
0.188099
0.17212
0.173898
0.119232
0.144878
0.169081
0.244733
0.204852
0.242501
0.13307
0.158603
0.235275
0.141878
0.130422
0.159979
0.148546
0.169779
0.20891
0.190112
0.190491
0.204959
0.120186
0.225363
0.195584
0.135223
0.226618
0.182362
0.153162
0.165771
0.145175
0.177654
0.203544
0.118917
0.164503
0.142621
0.150764
0.179012
0.149609
0.111337
0.235847
0.167866
0.163564
0.172385
0.187086
0.164499
0.19796
0.186719
0.150146
0.199901
0.150532
0.150997
0.255939
0.19389
0.145099
0.157939
0.186416
0.158824
0.143188
0.167744
0.248924
0.193102
0.181449
0.201728
0.161212
0.137425
0.118803
0.209307
0.229538
0.133489
0.166455
0.186329
0.167603
0.175873
0.144229
0.203563
0.192286
0.139493
0.135011
0.185789
0.13296
0.189525
0.18243
0.138394
0.159738
0.183412
0.196796
0.118811
0.155891
0.18078
0.164759
0.139599
0.179416
0.162526
0.145632
0.146282
0.172497
0.175919
0.162135
0.139108
0.154672
0.19328
0.216024
0.181833
0.118028
0.191222
0.184119
0.203643
0.123481
0.185637
0.15268
0.25589
0.198958
0.128588
0.124655
0.123683
0.16832
0.208905
0.233978
0.224439
0.103679
0.161714
0.189884
0.139688
0.187349
0.175779
0.156522
0.192574
0.160579
0.136265
0.135942
0.214565
0.195531
0.164643
0.172894
0.161946
0.166615
0.186262
0.170292
0.124497
0.153471
0.203621
0.152394
0.120515
0.195039
0.180557
0.15696
0.146468
0.171145
0.128744
0.213017
0.138017
0.150737
0.148593
0.139392
0.154957
0.149659
0.168742
0.154495
0.165805
0.147882
0.157934
0.181225
0.186304
0.182507
0.204703
0.22728
0.192837
0.157918
0.17848
0.173604
0.167675
0.162461
0.138397
0.207411
0.137699
0.176299
0.131329
0.195632
0.225912
0.182407
0.241916
0.153767
0.208046
0.169603
0.149538
0.181237
0.199514
0.121551
0.173846
0.163456
0.224971
0.1633
0.199008
0.185298
0.17616
0.137956
0.15161
0.162436
0.196923
0.168168
0.23177
0.154745
0.17007
0.15722
0.236121
0.236614
0.1472
0.140214
0.144258
0.19403
0.15243
0.169163
0.186834
0.185875
0.20555
0.185475
0.227233
0.174143
0.191405
0.123621
0.145287
0.189458
0.172949
0.187342
0.111807
0.125212
0.118565
0.227602
0.185448
0.167267
0.186341
0.134823
0.20332
0.216505
0.137927
0.119492
0.183818
0.0987327
0.148679
0.170873
0.214668
0.185804
0.153473
0.210192
0.190091
0.15663
0.173746
0.136751
0.186338
0.182018
0.134734
0.16888
0.137403
0.146718
0.172532
0.170807
0.157183
0.130225
0.196721
0.173315
0.176269
0.184262
0.133884
0.152363
0.122441
0.194176
0.164691
0.125786
0.205519
0.157092
0.114014
0.212205
0.213185
0.177244
0.160119
0.188153
0.167211
0.165684
0.197561
0.21978
0.14983
0.209736
0.183742
0.178242
0.178298
0.202257
0.187893
0.181364
0.219244
0.17305
0.133871
0.220705
0.12083
0.158162
0.217991
0.153808
0.165006
0.150181
0.214929
0.321018
0.174844
0.140979
0.17918
0.181466
0.179892
0.124228
0.146973
0.134988
0.162509
0.163685
0.162422
0.217073
0.154054
0.198184
0.16646
0.127005
0.18803
0.195694
0.185098
0.13643
0.198283
0.177895
0.181568
0.171726
0.175553
0.162628
0.177183
0.105726
0.193945
0.137245
0.22429
0.223952
0.158064
0.177182
0.145939
0.154882
0.184737
0.193908
0.173846
0.174028
0.153307
0.201154
0.204129
0.173731
0.197499
0.17825
0.155604
0.13648
0.169702
0.159111
0.199527
0.155351
0.167858
0.145614
0.154788
0.195832
0.155216
0.144256
0.154989
0.148028
0.155138
0.165911
0.18161
0.198953
0.202368
0.186573
0.198537
0.189267
0.117677
0.190998
0.164278
0.170672
0.169694
0.154691
0.167074
0.0938098
0.188288
0.148211
0.176602
0.166799
0.156326
0.199292
0.15504
0.179434
0.190823
0.168751
0.214623
0.157176
0.235111
0.172334
0.209053
0.153273
0.131859
0.187098
0.183566
0.180658
0.213344
0.199111
0.144527
0.158952
0.159345
0.173885
0.179086
0.204376
0.202674
0.170403
0.17067
0.200899
0.111258
0.172224
0.167622
0.125243
0.176507
0.160081
0.140477
0.140677
0.160333
0.181008
0.140171
0.184076
0.167197
0.169462
0.171243
0.126744
0.125018
0.170928
0.2156
0.174603
0.193277
0.176655
0.160059
0.211616
0.168461
0.185321
0.150869
0.151708
0.147041
0.266646
0.182778
0.146425
0.15548
0.186641
0.180644
0.221721
0.215858
0.198745
0.134422
0.16362
0.121465
0.140792
0.156696
0.18035
0.202048
0.168205
0.27012
0.152124
0.189723
0.172197
0.167455
0.17861
0.21654
0.163672
0.217073
0.106146
0.109452
0.136471
0.150862
0.165454
0.105217
0.127451
0.134039
0.151932
0.177307
0.17876
0.157224
0.190606
0.132156
0.218389
0.17958
0.19039
0.108057
0.154083
0.250055
0.227347
0.189384
0.187376
0.172933
0.18118
0.170555
0.152726
0.209157
0.21307
0.234257
0.166345
0.211114
0.151316
0.163865
0.111651
0.129978
0.120075
0.144661
0.156649
0.171682
0.17022
0.188597
0.200981
0.162206
0.158958
0.154639
0.178078
0.195286
0.208578
0.127678
0.183867
0.118028
0.117162
0.160141
0.143746
0.132576
0.173875
0.145662
0.214628
0.204672
0.182177
0.224006
0.157104
0.168219
0.182257
0.155795
0.1486
0.176348
0.148891
0.178728
0.181117
0.135159
0.171945
0.232663
0.15302
0.107755
0.137908
0.166494
0.12673
0.143487
0.149656
0.21607
0.153143
0.123142
0.209058
0.165767
0.212489
0.210056
0.205816
0.145478
0.155078
0.204365
0.181618
0.165879
0.165307
0.117197
0.223876
0.17152
0.135578
0.200163
0.196929
0.161208
0.168633
0.176846
0.193672
0.185296
0.220125
0.181212
0.221976
0.19856
0.200178
0.167436
0.249146
0.166285
0.193813
0.149613
0.154271
0.156834
0.157202
0.214188
0.192368
0.205128
0.209302
0.12034
0.254517
0.179179
0.129738
0.208061
0.170465
0.148102
0.263005
0.137803
0.242119
0.160361
0.170517
0.235399
0.209573
0.162249
0.224053
0.1893
0.244796
0.199414
0.137701
0.266239
0.135417
0.172067
0.171927
0.199381
0.179008
0.186454
0.190032
0.184365
0.158116
0.218976
0.165739
0.236936
0.173026
0.251748
0.208757
0.134686
0.156101
0.219892
0.128011
0.146291
0.145129
0.182973
0.238
0.157705
0.139215
0.177717
0.200586
0.117661
0.189973
0.226334
0.230538
0.182924
0.162513
0.18705
0.15681
0.192577
0.164162
0.136387
0.142769
0.178901
0.187289
0.184517
0.166259
0.137049
0.154227
0.178265
0.158703
0.178954
0.150588
0.12321
0.158161
0.18117
0.192173
0.20584
0.144566
0.204186
0.162061
0.162661
0.197676
0.148239
0.129423
0.159847
0.138312
0.193332
0.272697
0.178728
0.180442
0.251645
0.207324
0.172789
0.159097
0.16784
0.170916
0.174705
0.131493
0.142833
0.149824
0.141677
0.193192
0.237296
0.171607
0.197105
0.189504
0.171541
0.165425
0.167041
0.249259
0.164912
0.139357
0.151986
0.17951
0.174634
0.130762
0.193057
0.149453
0.191218
0.228741
0.189773
0.168537
0.182233
0.232399
0.176499
0.143882
0.162745
0.143907
0.163944
0.161001
0.162616
0.12479
0.214371
0.128709
0.129606
0.216694
0.165599
0.136122
0.122727
0.199274
0.156251
0.19222
0.155655
0.183897
0.231861
0.195873
0.27387
0.221542
0.134233
0.198425
0.214023
0.154001
0.178378
0.125018
0.163269
0.19671
0.13458
0.196041
0.173022
0.148319
0.176078
0.154682
0.14541
0.134545
0.161902
0.142268
0.166873
0.192956
0.155913
0.127728
0.199468
0.179618
0.166913
0.194911
0.180218
0.193643
0.301796
0.220826
0.200245
0.184441
0.214669
0.193345
0.238078
0.221936
0.106435
0.183034
0.153398
0.154249
0.164352
0.150159
0.163352
0.141827
0.135733
0.174756
0.190821
0.197928
0.197309
0.186586
0.16912
0.231572
0.222483
0.155056
0.182734
0.173917
0.156143
0.171317
0.155241
0.18296
0.137452
0.153781
0.150658
0.163077
0.182905
0.147967
0.171717
0.147029
0.147047
0.160885
0.1692
0.149054
0.159131
0.158138
0.14816
0.148026
0.160002
0.185409
0.159504
0.236508
0.207405
0.144057
0.111545
0.124336
0.177264
0.145008
0.139816
0.18076
0.130521
0.162592
0.184997
0.152046
0.162595
0.180111
0.184695
0.147902
0.140552
0.160541
0.223679
0.190337
0.185684
0.1749
0.130689
0.150321
0.158249
0.194835
0.153845
0.212262
0.196775
0.153341
0.152491
0.205844
0.198506
0.210605
0.221427
0.17086
0.214576
0.131625
0.196701
0.149541
0.175793
0.145542
0.159587
0.196433
0.154017
0.272805
0.171389
0.145433
0.204358
0.16279
0.177925
0.200769
0.186609
0.153801
0.21194
0.141278
0.154669
0.214034
0.202104
0.133164
0.179522
0.201148
0.136545
0.184159
0.222969
0.204038
0.126924
0.146034
0.191721
0.151015
0.196521
0.198654
0.161314
0.172953
0.153423
0.163726
0.187493
0.146231
0.188949
0.169342
0.155872
0.177119
0.122922
0.210721
0.156262
0.152967
0.151687
0.151223
0.197918
0.181665
0.189948
0.152159
0.160815
0.149001
0.186265
0.153225
0.159514
0.131407
0.167064
0.131628
0.153552
0.18566
0.0810268
0.187727
0.139901
0.191272
0.175713
0.191957
0.138883
0.135535
0.181867
0.135579
0.149074
0.13588
0.198994
0.249925
0.166628
0.153271
0.152171
0.197635
0.304825
0.227295
0.216116
0.181826
0.142926
0.143108
0.204588
0.193933
0.169286
0.198702
0.168063
0.17973
0.206523
0.194599
0.181981
0.155939
0.202006
0.185414
0.181031
0.184127
0.154071
0.213617
0.190948
0.150385
0.136591
0.184474
0.177725
0.167402
0.162743
0.179311
0.152109
0.165074
0.161873
0.122037
0.137566
0.157325
0.219945
0.191545
0.1869
0.278011
0.164417
0.128017
0.142084
0.186739
0.145627
0.127334
0.160035
0.20431
0.167923
0.158576
0.215804
0.202872
0.133253
0.117893
0.111345
0.14367
0.167534
0.142934
0.176524
0.211549
0.166397
0.21837
0.167048
0.179672
0.163834
0.1584
0.232424
0.198033
0.188407
0.172185
0.173678
0.118992
0.235327
0.179475
0.245541
0.204925
0.242046
0.132349
0.158474
0.235171
0.142165
0.130085
0.158721
0.148783
0.168581
0.213137
0.190813
0.188824
0.202961
0.121061
0.224046
0.19507
0.135624
0.225971
0.180928
0.151979
0.165362
0.145698
0.177987
0.203954
0.119295
0.164211
0.142558
0.151128
0.179289
0.149748
0.111538
0.236547
0.168429
0.163797
0.17084
0.184378
0.160703
0.196721
0.186869
0.151451
0.199576
0.150439
0.150675
0.254975
0.193336
0.144987
0.157914
0.185856
0.159233
0.143821
0.167583
0.161589
0.177528
0.179878
0.204269
0.16191
0.137901
0.11912
0.209582
0.229106
0.135308
0.171192
0.189417
0.167557
0.17565
0.138892
0.19513
0.191331
0.139725
0.135365
0.18622
0.132383
0.189296
0.183115
0.137964
0.164295
0.180918
0.193616
0.118336
0.155562
0.180989
0.164181
0.139788
0.179136
0.162586
0.147236
0.145276
0.170867
0.176496
0.159905
0.138842
0.154703
0.192933
0.216247
0.181694
0.117737
0.191285
0.184288
0.203531
0.123448
0.185593
0.15245
0.152334
0.181145
0.127721
0.124755
0.123998
0.171435
0.212155
0.238627
0.224888
0.103413
0.205807
0.19667
0.139753
0.188314
0.174962
0.154876
0.192247
0.163047
0.138021
0.137616
0.213661
0.190095
0.165554
0.17863
0.163526
0.165769
0.184749
0.169275
0.123653
0.152809
0.19846
0.150407
0.188922
0.186584
0.180271
0.159833
0.150391
0.172762
0.128443
0.213918
0.136565
0.143603
0.147033
0.137708
0.157544
0.152601
0.170755
0.153851
0.163494
0.146303
0.159298
0.184197
0.188786
0.182928
0.201002
0.224094
0.197547
0.157559
0.177575
0.173169
0.16844
0.161955
0.138683
0.209121
0.137155
0.177773
0.132029
0.194886
0.226249
0.182109
0.242484
0.153502
0.170387
0.163574
0.149021
0.180438
0.19801
0.121942
0.173069
0.165202
0.223899
0.162456
0.199677
0.184657
0.17404
0.138505
0.152479
0.165861
0.196775
0.201709
0.22975
0.153565
0.170285
0.156795
0.236091
0.238825
0.148823
0.140705
0.143936
0.194446
0.151279
0.166335
0.184671
0.188073
0.201407
0.180476
0.22151
0.175215
0.191581
0.123744
0.144925
0.188858
0.172358
0.187644
0.11191
0.123293
0.116592
0.230189
0.184935
0.166636
0.189785
0.137219
0.204134
0.217516
0.13736
0.120004
0.183643
0.0988997
0.148176
0.171117
0.217048
0.184635
0.151981
0.210989
0.189881
0.156211
0.173094
0.137493
0.127862
0.180397
0.134096
0.168718
0.137556
0.146082
0.1764
0.18249
0.165069
0.127263
0.195014
0.161949
0.16985
0.184341
0.133765
0.152038
0.122294
0.195216
0.165031
0.126162
0.205283
0.157944
0.113919
0.212084
0.213366
0.177309
0.160104
0.187953
0.16731
0.165564
0.197992
0.221225
0.149993
0.209708
0.18394
0.178544
0.182934
0.209282
0.182782
0.180179
0.223293
0.172192
0.134804
0.219982
0.123845
0.156154
0.205359
0.252064
0.162054
0.151319
0.213862
0.194462
0.165078
0.136083
0.170051
0.181484
0.182814
0.124237
0.146069
0.14068
0.176694
0.163685
0.162286
0.217676
0.154106
0.198643
0.166466
0.127052
0.18815
0.194801
0.184911
0.136423
0.198152
0.177553
0.18188
0.171471
0.175743
0.163432
0.177012
0.105456
0.194032
0.137597
0.224094
0.224096
0.158326
0.176678
0.142923
0.155388
0.184208
0.195896
0.176768
0.168962
0.154225
0.199874
0.205471
0.172074
0.19486
0.17813
0.155774
0.136918
0.169439
0.159864
0.199374
0.155529
0.167886
0.145088
0.155584
0.196011
0.155875
0.144873
0.154995
0.148721
0.154893
0.164484
0.182081
0.199854
0.20463
0.184224
0.197797
0.188749
0.117557
0.191765
0.163224
0.171033
0.167989
0.153886
0.220052
0.0991271
0.18912
0.146367
0.174202
0.165235
0.15267
0.196239
0.154052
0.181476
0.192865
0.166623
0.213917
0.151908
0.235471
0.169463
0.20992
0.152769
0.130743
0.246008
0.179136
0.185323
0.21944
0.203737
0.147163
0.159609
0.160119
0.173795
0.180644
0.206614
0.204936
0.170313
0.170655
0.201837
0.110793
0.171544
0.165931
0.124725
0.177888
0.160271
0.142801
0.140015
0.15694
0.177364
0.139844
0.176958
0.164772
0.174243
0.17871
0.12716
0.124057
0.167426
0.213853
0.174531
0.193828
0.180531
0.158738
0.215668
0.169954
0.191708
0.148773
0.143914
0.157059
0.267151
0.183507
0.152503
0.154023
0.235272
0.18263
0.222548
0.213437
0.196761
0.134609
0.163701
0.121653
0.140462
0.157092
0.179882
0.201475
0.167812
0.269022
0.152028
0.189692
0.17252
0.167691
0.178543
0.296413
0.171771
0.217172
0.105724
0.110041
0.13584
0.149563
0.16439
0.104388
0.127768
0.134419
0.151926
0.177789
0.179839
0.158026
0.188872
0.129187
0.222077
0.184023
0.189463
0.10748
0.152885
0.245035
0.226823
0.188607
0.187573
0.172892
0.181017
0.170799
0.152702
0.201694
0.214173
0.155174
0.153426
0.213334
0.15147
0.164696
0.112917
0.1294
0.120502
0.144704
0.157447
0.172049
0.17026
0.193003
0.203021
0.160394
0.159418
0.153563
0.178404
0.19394
0.20693
0.127751
0.185489
0.116996
0.11638
0.157405
0.14529
0.131782
0.175716
0.145467
0.125694
0.183592
0.183974
0.219763
0.159344
0.165963
0.184049
0.157596
0.147983
0.176357
0.14927
0.179233
0.181092
0.134909
0.17118
0.233978
0.153551
0.107847
0.138086
0.166951
0.127519
0.143911
0.150067
0.216496
0.153926
0.123065
0.197588
0.167928
0.21316
0.142553
0.208936
0.145984
0.154727
0.204204
0.181455
0.165923
0.165713
0.118457
0.222558
0.169784
0.135141
0.202213
0.199496
0.162358
0.169219
0.176884
0.193424
0.182917
0.22376
0.181103
0.222918
0.197727
0.19908
0.165868
0.249055
0.165911
0.192596
0.151257
0.154468
0.157594
0.157971
0.299641
0.196203
0.215163
0.210095
0.121248
0.172215
0.182567
0.129273
0.207709
0.170437
0.14842
0.213766
0.137927
0.185114
0.164082
0.171533
0.233422
0.210603
0.162537
0.223942
0.189611
0.245138
0.199465
0.137986
0.26565
0.13566
0.171847
0.173399
0.19939
0.178295
0.187067
0.190043
0.183828
0.158636
0.21878
0.165434
0.237199
0.165785
0.25118
0.210322
0.135113
0.156319
0.144866
0.132836
0.147585
0.144525
0.182891
0.238358
0.156291
0.137946
0.177612
0.200646
0.116124
0.190403
0.227345
0.234951
0.184729
0.161242
0.187337
0.157033
0.192414
0.164769
0.136818
0.143228
0.180086
0.187365
0.184205
0.166305
0.137274
0.154518
0.178107
0.158834
0.179395
0.150296
0.123219
0.158434
0.182754
0.192267
0.205448
0.14397
0.204623
0.163729
0.165809
0.197972
0.149231
0.129311
0.159597
0.137987
0.194121
0.173846
0.17511
0.176407
0.188519
0.210631
0.269477
0.168996
0.172191
0.169257
0.173825
0.131411
0.142854
0.149789
0.140651
0.191754
0.238579
0.172608
0.197719
0.189523
0.17147
0.165407
0.167285
0.160297
0.166225
0.141375
0.150126
0.176471
0.173254
0.130726
0.192645
0.149421
0.191469
0.228599
0.189758
0.168789
0.182639
0.232679
0.177424
0.144221
0.162692
0.143858
0.164058
0.16118
0.162408
0.124744
0.214686
0.127812
0.12941
0.216775
0.146734
0.135408
0.123276
0.200679
0.157226
0.191788
0.155722
0.185026
0.231918
0.195846
0.187962
0.220811
0.137329
0.202614
0.214638
0.154003
0.178384
0.125074
0.163312
0.196448
0.13465
0.196656
0.173152
0.148561
0.175136
0.15486
0.145401
0.135231
0.169512
0.14229
0.166456
0.193258
0.156708
0.125056
0.157249
0.186379
0.166666
0.194728
0.179011
0.19388
0.302504
0.21936
0.19751
0.180487
0.214169
0.193046
0.237477
0.220681
0.106182
0.183124
0.155449
0.153996
0.164667
0.149483
0.163478
0.141678
0.136261
0.174702
0.18751
0.188219
0.196341
0.198769
0.178433
0.177431
0.21723
0.155159
0.182256
0.174591
0.157047
0.16707
0.150803
0.183799
0.148232
0.153416
0.147915
0.161187
0.183085
0.148383
0.173797
0.147668
0.146475
0.16071
0.170055
0.14879
0.158948
0.158611
0.147504
0.14766
0.159738
0.185026
0.159263
0.236152
0.209566
0.145912
0.112349
0.124071
0.177169
0.145755
0.139669
0.181012
0.130879
0.161999
0.18462
0.151709
0.162678
0.180209
0.184905
0.148205
0.141561
0.161286
0.222959
0.189359
0.185104
0.174837
0.130733
0.15049
0.158532
0.195298
0.153882
0.24926
0.192096
0.152122
0.15284
0.205877
0.203745
0.352647
0.230921
0.170062
0.213868
0.128513
0.197765
0.147689
0.16849
0.14578
0.157783
0.196164
0.155348
0.199125
0.17228
0.146262
0.203322
0.16285
0.177674
0.200268
0.183918
0.157676
0.215537
0.141494
0.155515
0.21395
0.202093
0.132911
0.179284
0.201985
0.13668
0.183918
0.221735
0.202176
0.126454
0.146498
0.192295
0.151064
0.196596
0.199881
0.162542
0.174451
0.155618
0.211817
0.202851
0.202984
0.207041
0.169982
0.155306
0.175905
0.122907
0.211006
0.156114
0.153131
0.15183
0.151222
0.1984
0.181694
0.189539
0.152886
0.16012
0.145632
0.185199
0.149971
0.158456
0.132631
0.164785
0.131336
0.227565
0.180663
0.0795781
0.191265
0.138897
0.190718
0.177835
0.191409
0.139005
0.135695
0.182694
0.136184
0.148784
0.207396
0.198826
0.17067
0.167281
0.155388
0.152076
0.188426
0.301435
0.15432
0.212358
0.182837
0.142797
0.14293
0.205132
0.200575
0.169518
0.199604
0.168916
0.180198
0.20686
0.194547
0.181971
0.155842
0.202097
0.185402
0.181804
0.184114
0.154162
0.21393
0.191566
0.150307
0.136419
0.184222
0.177933
0.167251
0.163051
0.179003
0.152499
0.165863
0.161732
0.122156
0.137622
0.157348
0.219986
0.191507
0.187254
0.186645
0.157869
0.127824
0.142112
0.186419
0.145633
0.127071
0.160183
0.200389
0.169979
0.160064
0.21991
0.206513
0.133513
0.117979
0.111428
0.143834
0.167034
0.142856
0.176284
0.211563
0.166475
0.218109
0.167237
0.179677
0.163974
0.158408
0.23238
0.197925
0.188254
0.172167
0.174002
0.11881
0.144648
0.168917
0.244996
0.204754
0.241841
0.13343
0.158284
0.235233
0.142829
0.130912
0.160149
0.148826
0.170004
0.21089
0.189997
0.188769
0.20332
0.121043
0.223885
0.19491
0.135696
0.226505
0.181062
0.151017
0.166648
0.147643
0.177299
0.204735
0.118986
0.163958
0.141291
0.151822
0.177315
0.151564
0.111664
0.238041
0.168317
0.163963
0.170468
0.185207
0.162951
0.197924
0.186359
0.150602
0.199977
0.150342
0.150845
0.255629
0.193569
0.144915
0.157832
0.267316
0.170328
0.14576
0.167564
0.161096
0.177228
0.179422
0.203145
0.161871
0.138041
0.119184
0.209743
0.229248
0.135451
0.171704
0.190031
0.167519
0.17556
0.139001
0.19551
0.192226
0.13986
0.135303
0.186657
0.132512
0.189443
0.183069
0.137906
0.16547
0.182863
0.192339
0.118967
0.155589
0.242246
0.170066
0.13973
0.180422
0.162738
0.147414
0.146353
0.17023
0.174986
0.242143
0.141149
0.154947
0.192857
0.216611
0.180611
0.118211
0.190927
0.184509
0.205213
0.122475
0.186262
0.152052
0.15237
0.181489
0.127969
0.124593
0.1246
0.171644
0.212219
0.238416
0.225144
0.103409
0.16037
0.192981
0.139705
0.188596
0.175385
0.155235
0.193402
0.159658
0.137296
0.13785
0.218534
0.193353
0.166497
0.178577
0.162315
0.165726
0.184533
0.168975
0.123891
0.153478
0.195738
0.15073
0.119133
0.194911
0.18304
0.159024
0.146539
0.171522
0.128664
0.213763
0.139208
0.146106
0.146382
0.138425
0.155065
0.149956
0.171015
0.153011
0.16895
0.14817
0.158427
0.181737
0.186814
0.182803
0.203873
0.225712
0.191724
0.15824
0.178083
0.173352
0.167472
0.163125
0.138561
0.207365
0.137484
0.177117
0.130486
0.195198
0.226143
0.182531
0.274197
0.153884
0.170163
0.165785
0.149194
0.181175
0.200171
0.12236
0.173757
0.163809
0.22393
0.163801
0.198561
0.185093
0.176201
0.137582
0.150798
0.161463
0.196131
0.167897
0.238507
0.159074
0.170154
0.260857
0.227047
0.228065
0.148245
0.141344
0.143106
0.194912
0.153898
0.173169
0.18606
0.187606
0.203515
0.183449
0.22381
0.174448
0.191278
0.123698
0.145317
0.189535
0.172828
0.18677
0.111908
0.125198
0.119216
0.227217
0.185267
0.167524
0.185993
0.133971
0.202953
0.216735
0.137683
0.119662
0.183637
0.0987196
0.148563
0.170745
0.214774
0.185167
0.151931
0.210463
0.189967
0.156198
0.173018
0.137239
0.128072
0.180552
0.134126
0.168647
0.137356
0.146342
0.176068
0.179305
0.163187
0.127193
0.195089
0.160912
0.169127
0.184347
0.133683
0.152808
0.122512
0.19457
0.164724
0.126151
0.206475
0.156912
0.114116
0.211873
0.213186
0.17724
0.160536
0.187919
0.167249
0.165919
0.197871
0.283735
0.150115
0.209339
0.183472
0.178833
0.183174
0.2065
0.180621
0.179008
0.222342
0.172228
0.198259
0.222851
0.124784
0.156048
0.205487
0.153536
0.167009
0.154713
0.21385
0.194476
0.163785
0.136012
0.170996
0.182413
0.182348
0.12448
0.198809
0.147451
0.164598
0.163738
0.162004
0.216732
0.153652
0.197725
0.166599
0.126995
0.187975
0.195349
0.184902
0.136586
0.19825
0.176797
0.180261
0.171421
0.175576
0.163134
0.176703
0.105296
0.193163
0.135292
0.220941
0.223017
0.158716
0.177402
0.142572
0.15811
0.186231
0.195462
0.177638
0.168527
0.154228
0.20157
0.207032
0.226926
0.187579
0.178696
0.155006
0.13717
0.169514
0.160019
0.199421
0.155824
0.167989
0.145723
0.155029
0.195708
0.155795
0.143647
0.152844
0.147776
0.155775
0.165772
0.178511
0.200256
0.207531
0.186225
0.197575
0.190477
0.117526
0.190621
0.163983
0.170931
0.168168
0.153729
0.16582
0.0927727
0.189032
0.147763
0.17745
0.166565
0.1555
0.197589
0.154614
0.179944
0.191005
0.168731
0.214528
0.156232
0.235105
0.172446
0.208549
0.153076
0.131959
0.186951
0.182687
0.178275
0.212369
0.198825
0.143844
0.158624
0.159336
0.173366
0.179761
0.205265
0.203897
0.170478
0.170546
0.201873
0.110779
0.171044
0.165371
0.124157
0.179944
0.160186
0.142349
0.1408
0.15922
0.179577
0.149582
0.184212
0.264699
0.190749
0.170374
0.124858
0.177582
0.165378
0.211429
0.175445
0.194687
0.178088
0.159991
0.214798
0.169026
0.189498
0.149583
0.144261
0.15801
0.256617
0.184999
0.150327
0.154227
0.182579
0.178008
0.220411
0.216481
0.197221
0.134411
0.165258
0.12147
0.140652
0.15679
0.179666
0.20047
0.167704
0.26783
0.151017
0.189322
0.171969
0.168249
0.178261
0.215636
0.163332
0.217697
0.106143
0.109539
0.13641
0.150394
0.164555
0.105189
0.127134
0.134062
0.15229
0.178173
0.179213
0.158391
0.188891
0.129274
0.221852
0.18054
0.187086
0.109875
0.153266
0.252398
0.226485
0.189597
0.186953
0.173181
0.180303
0.169955
0.152011
0.15489
0.212697
0.150795
0.152029
0.215313
0.15209
0.164985
0.111857
0.130402
0.120004
0.144887
0.157575
0.171827
0.170642
0.190587
0.201208
0.245072
0.158211
0.154246
0.17849
0.19366
0.211216
0.128259
0.184299
0.117646
0.116327
0.160861
0.144487
0.131323
0.172599
0.146118
0.125328
0.183055
0.26845
0.210493
0.157616
0.167828
0.183281
0.157572
0.219735
0.182864
0.152937
0.179101
0.181335
0.134721
0.172494
0.23334
0.153232
0.107774
0.137758
0.166989
0.126563
0.231061
0.148199
0.212776
0.148165
0.123387
0.198802
0.171782
0.220267
0.141984
0.209004
0.146698
0.15572
0.204484
0.181086
0.165021
0.163935
0.117974
0.225512
0.169635
0.135368
0.196842
0.197265
0.158403
0.17112
0.174427
0.288457
0.154442
0.232866
0.178183
0.226455
0.200565
0.199541
0.167134
0.243815
0.169956
0.196955
0.153199
0.153425
0.159263
0.157247
0.212438
0.191976
0.205545
0.214132
0.120295
0.17218
0.182248
0.129788
0.207498
0.170641
0.148292
0.213895
0.159411
0.188242
0.163166
0.169386
0.232676
0.328939
0.160109
0.250612
0.197633
0.24475
0.198732
0.134463
0.267296
0.133124
0.173056
0.173184
0.199009
0.179565
0.187654
0.189533
0.184296
0.190736
0.21615
0.219308
0.232042
0.226343
0.266895
0.267286
0.137406
0.154488
0.144744
0.21461
0.176727
0.14006
0.182821
0.237201
0.155097
0.13614
0.178221
0.19934
0.116121
0.298829
0.234621
0.228554
0.182696
0.164994
0.185908
0.156774
0.193064
0.164293
0.135711
0.139781
0.177858
0.187222
0.184688
0.16707
0.179471
0.156936
0.179582
0.159519
0.178666
0.150775
0.124034
0.157577
0.187319
0.192209
0.277754
0.247643
0.198931
0.159692
0.159848
0.197251
0.150153
0.130627
0.160574
0.138108
0.194325
0.174245
0.28083
0.168098
0.180514
0.208667
0.173449
0.157857
0.164811
0.175192
0.176242
0.132118
0.143497
0.14914
0.142796
0.194099
0.23995
0.206731
0.195201
0.18967
0.171494
0.165052
0.167655
0.162105
0.241179
0.151595
0.149514
0.174994
0.171687
0.130515
0.19262
0.149769
0.268274
0.231432
0.187661
0.169284
0.182378
0.232276
0.175175
0.143095
0.163721
0.214921
0.167197
0.227305
0.171746
0.127755
0.340299
0.126674
0.127347
0.222721
0.145746
0.135419
0.12312
0.199503
0.155319
0.186965
0.283626
0.154353
0.232322
0.284119
0.191516
0.224303
0.142292
0.207872
0.232752
0.153557
0.179113
0.169649
0.172898
0.197129
0.134781
0.195588
0.172849
0.148917
0.294168
0.157007
0.14697
0.135858
0.168152
0.137945
0.167292
0.193231
0.156571
0.17446
0.157935
0.188737
0.166864
0.194774
0.178736
0.193374
0.301268
0.218911
0.197806
0.180406
0.214017
0.192858
0.260966
0.220166
0.106157
0.182955
0.152976
0.153472
0.16487
0.149522
0.163561
0.142042
0.136124
0.17516
0.189791
0.195087
0.197217
0.18676
0.246446
0.167989
0.217488
0.155035
0.182912
0.174038
0.156927
0.172951
0.157657
0.182914
0.137489
0.232482
0.146006
0.163026
0.183722
0.148203
0.173414
0.147456
0.146784
0.233693
0.161798
0.148793
0.159257
0.157838
0.147701
0.147797
0.159541
0.184857
0.159773
0.235489
0.210895
0.143494
0.161646
0.125438
0.264201
0.137398
0.139007
0.180899
0.130578
0.162066
0.244813
0.161339
0.162992
0.180313
0.191117
0.148597
0.139991
0.158473
0.225243
0.189931
0.1846
0.174997
0.1308
0.150445
0.157679
0.191745
0.152918
0.250577
0.191196
0.151654
0.199877
0.206642
0.196228
0.213925
0.222511
0.299324
0.236764
0.128002
0.197146
0.149777
0.175957
0.145373
0.160173
0.196516
0.154226
0.198982
0.171018
0.145635
0.318827
0.227008
0.181222
0.229998
0.182963
0.149208
0.209158
0.140517
0.154915
0.212745
0.201356
0.133184
0.179572
0.278596
0.144267
0.182835
0.218993
0.204233
0.127055
0.145009
0.192816
0.151153
0.196209
0.198099
0.160846
0.173339
0.153547
0.164091
0.187794
0.146214
0.18907
0.240054
0.154259
0.174863
0.123615
0.32618
0.169194
0.152877
0.151899
0.214692
0.198323
0.177429
0.187203
0.152864
0.160259
0.145799
0.185186
0.234606
0.171138
0.129282
0.168044
0.130055
0.155513
0.184217
0.079287
0.186527
0.139777
0.190546
0.174701
0.192416
0.138543
0.135572
0.181752
0.135382
0.148823
0.135517
0.199781
0.173673
0.169174
0.207637
0.197713
0.190672
0.37699
0.150837
0.214568
0.183914
0.143054
0.187655
0.24995
0.2061
0.168777
0.200488
0.168306
0.182424
0.207844
0.194457
0.182373
0.155847
0.200409
0.186237
0.182547
0.280602
0.153956
0.331055
0.172607
0.154207
0.135055
0.25939
0.208503
0.165974
0.161734
0.180652
0.172014
0.160025
0.163445
0.120109
0.138203
0.205641
0.236075
0.258836
0.198475
0.18342
0.156925
0.127152
0.222459
0.195573
0.146147
0.127739
0.159858
0.201559
0.16769
0.158852
0.216628
0.206134
0.157573
0.119059
0.180533
0.143425
0.166754
0.143349
0.22143
0.205616
0.166586
0.220778
0.172877
0.180315
0.163198
0.160513
0.232627
0.197979
0.239099
0.228752
0.213285
0.115173
0.144653
0.169128
0.245516
0.204614
0.241838
0.134402
0.221667
0.236075
0.173085
0.126873
0.156633
0.185997
0.164757
0.207414
0.19883
0.190792
0.203388
0.12103
0.224723
0.24458
0.134878
0.224456
0.181805
0.160897
0.235481
0.13657
0.17825
0.204087
0.119183
0.213268
0.192646
0.149787
0.177758
0.149574
0.111549
0.236658
0.168448
0.163646
0.219324
0.192626
0.161118
0.293162
0.204096
0.153657
0.200375
0.2214
0.157924
0.254258
0.191792
0.145174
0.157992
0.185181
0.160113
0.143006
0.16664
0.224583
0.287091
0.19212
0.202367
0.161915
0.138064
0.11913
0.20962
0.240366
0.133664
0.17032
0.190572
0.167349
0.298655
0.156698
0.240954
0.19443
0.138829
0.135826
0.185693
0.132665
0.191434
0.27732
0.132948
0.235295
0.1649
0.249354
0.120803
0.203488
0.181002
0.164774
0.139899
0.180084
0.162488
0.147381
0.145362
0.170845
0.177911
0.160336
0.138796
0.154527
0.193052
0.216545
0.181805
0.118489
0.191481
0.325167
0.263234
0.1321
0.273029
0.216882
0.152651
0.180422
0.126401
0.16804
0.146424
0.170504
0.209825
0.314982
0.225375
0.104564
0.158594
0.302721
0.1475
0.264532
0.178996
0.155299
0.191563
0.161171
0.148392
0.189766
0.224208
0.189077
0.239746
0.284686
0.173958
0.177837
0.184868
0.168672
0.209539
0.169206
0.191754
0.14874
0.119209
0.279895
0.190605
0.15837
0.146592
0.171945
0.235591
0.221936
0.134846
0.142075
0.187899
0.219478
0.157481
0.194838
0.16476
0.154381
0.171929
0.20669
0.19083
0.18101
0.186033
0.181298
0.260832
0.211785
0.200125
0.15669
0.185687
0.17382
0.167452
0.161949
0.13842
0.206987
0.137227
0.214367
0.170294
0.224319
0.28286
0.185949
0.240791
0.20597
0.174062
0.163357
0.147827
0.255648
0.215192
0.117916
0.170777
0.173127
0.228531
0.19686
0.190193
0.188093
0.177997
0.197119
0.163347
0.160477
0.19483
0.167798
0.321581
0.171508
0.169911
0.15714
0.23616
0.233248
0.143928
0.216744
0.157127
0.195864
0.149412
0.162349
0.185264
0.187187
0.288112
0.318557
0.199214
0.172348
0.190276
0.123399
0.188077
0.240368
0.169553
0.193869
0.114899
0.121665
0.116938
0.236335
0.185851
0.215084
0.205743
0.136166
0.201641
0.216606
0.137432
0.120232
0.184599
0.097917
0.148988
0.169552
0.213349
0.183306
0.23902
0.200627
0.189048
0.156834
0.252108
0.140931
0.167124
0.187519
0.138155
0.174949
0.138054
0.196914
0.190963
0.216448
0.164715
0.235428
0.18477
0.157827
0.173686
0.206977
0.13353
0.152298
0.182192
0.255749
0.167028
0.172174
0.219638
0.159113
0.11448
0.213454
0.215728
0.20629
0.160301
0.188256
0.166779
0.16422
0.31867
0.239553
0.198328
0.219258
0.188646
0.178764
0.231231
0.214741
0.181821
0.177738
0.223253
0.172202
0.134971
0.219143
0.15358
0.156967
0.203604
0.153225
0.167169
0.191452
0.216027
0.199277
0.16381
0.135604
0.170733
0.184051
0.183683
0.1259
0.180131
0.146758
0.166106
0.163334
0.163161
0.249503
0.156575
0.202244
0.16598
0.126839
0.188418
0.196552
0.185446
0.136989
0.198222
0.177812
0.182314
0.171726
0.176536
0.162723
0.176997
0.144768
0.203832
0.140413
0.262109
0.265774
0.15981
0.17891
0.142682
0.1555
0.185979
0.19648
0.17646
0.169011
0.154634
0.201379
0.281239
0.189388
0.195295
0.178325
0.155244
0.137122
0.16958
0.164007
0.241078
0.15896
0.169872
0.144496
0.155245
0.236223
0.159763
0.143266
0.154159
0.146893
0.152288
0.163125
0.212006
0.188134
0.210297
0.205518
0.206785
0.187911
0.118993
0.191122
0.161979
0.172024
0.167339
0.153724
0.164244
0.09108
0.186846
0.147902
0.22356
0.173806
0.159123
0.194923
0.153389
0.179649
0.190581
0.168357
0.21345
0.156787
0.234853
0.172261
0.207851
0.153261
0.175384
0.198606
0.184059
0.177184
0.211602
0.196044
0.18162
0.227063
0.188485
0.171093
0.234847
0.217159
0.203242
0.170404
0.169887
0.200935
0.111012
0.171311
0.16419
0.123507
0.178196
0.160586
0.182195
0.141558
0.154582
0.176761
0.140258
0.244996
0.176192
0.169545
0.169986
0.126206
0.125466
0.167935
0.213066
0.175475
0.194551
0.178216
0.159942
0.214548
0.169343
0.226764
0.147864
0.143998
0.155056
0.257925
0.222248
0.158578
0.155474
0.182369
0.177986
0.222207
0.212253
0.195997
0.134005
0.215214
0.122038
0.140844
0.156614
0.180292
0.261848
0.149416
0.295823
0.20498
0.189278
0.170854
0.166549
0.177754
0.215727
0.16248
0.21482
0.105073
0.109879
0.13581
0.156596
0.163191
0.104662
0.127605
0.134308
0.152175
0.177169
0.17934
0.158074
0.190076
0.128718
0.223835
0.184605
0.189395
0.107659
0.152684
0.244543
0.224772
0.188366
0.18673
0.172506
0.240465
0.178124
0.154261
0.155071
0.212864
0.151616
0.149757
0.213361
0.151519
0.164307
0.112035
0.158031
0.124311
0.14296
0.157294
0.171981
0.170791
0.24721
0.180335
0.224352
0.18292
0.156644
0.178497
0.195372
0.20401
0.128134
0.183826
0.118637
0.117611
0.158896
0.143233
0.132663
0.172691
0.146687
0.125329
0.183781
0.182089
0.222337
0.157662
0.167851
0.183468
0.179196
0.154137
0.175847
0.190605
0.181765
0.179881
0.13541
0.174166
0.262467
0.151433
0.150707
0.139472
0.161847
0.125382
0.143132
0.151087
0.218423
0.156905
0.122548
0.197704
0.167826
0.212608
0.142627
0.208997
0.146425
0.15469
0.204265
0.181984
0.19293
0.164126
0.118516
0.225891
0.211109
0.137307
0.198308
0.194931
0.159259
0.168833
0.177113
0.194541
0.185932
0.22004
0.230835
0.209198
0.223275
0.214247
0.16673
0.249288
0.166668
0.193342
0.153544
0.156186
0.155562
0.160305
0.211801
0.192114
0.206399
0.200663
0.120069
0.171153
0.182014
0.129479
0.207301
0.188318
0.147764
0.2128
0.13835
0.184569
0.162969
0.17005
0.232159
0.212326
0.162626
0.224002
0.189283
0.244808
0.198956
0.136901
0.264225
0.135775
0.189455
0.170623
0.208764
0.182179
0.184466
0.189795
0.184
0.158257
0.21853
0.166989
0.238205
0.165855
0.249546
0.208985
0.134208
0.156675
0.144238
0.137294
0.151201
0.144306
0.183797
0.239642
0.156272
0.13819
0.178395
0.201085
0.117468
0.189939
0.226503
0.230056
0.186589
0.158692
0.186594
0.156364
0.192744
0.163686
0.136218
0.141679
0.178285
0.187215
0.18402
0.166213
0.136895
0.154572
0.211308
0.152138
0.188481
0.15074
0.121593
0.158035
0.184512
0.189743
0.206166
0.146267
0.20504
0.177723
0.154947
0.209466
0.147134
0.12963
0.159884
0.138089
0.193045
0.173906
0.175126
0.17578
0.1893
0.211383
0.194973
0.167549
0.171914
0.170155
0.173789
0.131525
0.142667
0.149725
0.140451
0.190759
0.236682
0.170792
0.196525
0.189488
0.171647
0.166451
0.165766
0.1581
0.167571
0.14182
0.150542
0.17652
0.173607
0.131659
0.192584
0.149737
0.191357
0.229326
0.189862
0.168438
0.182021
0.222153
0.184899
0.144646
0.162457
0.142892
0.163701
0.160594
0.161712
0.124963
0.219797
0.126372
0.14792
0.217443
0.144619
0.135526
0.122899
0.199266
0.155355
0.192828
0.156809
0.180576
0.232912
0.196539
0.187828
0.221114
0.136996
0.200759
0.212203
0.154134
0.164015
0.129303
0.163766
0.196667
0.134536
0.195604
0.173369
0.148559
0.174849
0.155082
0.145354
0.1352
0.168701
0.141416
0.166411
0.193098
0.156483
0.124518
0.157455
0.186421
0.16661
0.194796
0.173546
0.192062
0.301712
0.224376
0.198729
0.180066
0.214011
0.192156
0.237612
0.220667
0.114313
0.188254
0.154029
0.153233
0.164652
0.149799
0.163713
0.141733
0.136161
0.174806
0.189545
0.194986
0.196887
0.186673
0.168361
0.175725
0.216678
0.155224
0.183213
0.173625
0.156115
0.171432
0.156058
0.183361
0.136822
0.154127
0.150279
0.163157
0.182842
0.147523
0.171341
0.147049
0.146763
0.153136
0.176117
0.149086
0.158784
0.158631
0.147634
0.147958
0.160192
0.185343
0.159421
0.236966
0.205374
0.142363
0.112524
0.12421
0.177069
0.145234
0.139906
0.180835
0.153871
0.171507
0.189643
0.152605
0.162385
0.179716
0.18408
0.149424
0.14061
0.157992
0.225663
0.189673
0.184056
0.175471
0.130968
0.150247
0.157434
0.191201
0.152945
0.211129
0.196362
0.152667
0.153959
0.20592
0.198992
0.21104
0.220946
0.177782
0.221915
0.133093
0.196861
0.149171
0.180738
0.145042
0.160265
0.196226
0.153991
0.198903
0.171125
0.145355
0.204194
0.162513
0.178425
0.200239
0.181536
0.153833
0.211889
0.140861
0.154352
0.213736
0.201792
0.133444
0.179747
0.20145
0.136073
0.184556
0.22279
0.205151
0.126578
0.145859
0.191969
0.151069
0.196299
0.198604
0.161115
0.172631
0.153203
0.163891
0.186533
0.146573
0.187348
0.171856
0.158738
0.181749
0.124607
0.210768
0.15615
0.152966
0.151799
0.151451
0.198216
0.181882
0.189306
0.147031
0.159005
0.145262
0.185294
0.150198
0.159581
0.132426
0.165298
0.130735
0.153578
0.186043
0.0811875
0.188003
0.13957
0.191318
0.175649
0.19194
0.139154
0.135806
0.181959
0.135759
0.14891
0.143662
0.198863
0.170188
0.166865
0.157304
0.153736
0.181251
0.298687
0.154119
0.214736
0.182654
0.14255
0.142543
0.205619
0.195102
0.168205
0.199891
0.168561
0.180294
0.207021
0.194798
0.18216
0.155728
0.203518
0.185479
0.181938
0.184138
0.15432
0.213482
0.191716
0.15025
0.136214
0.184292
0.180571
0.167977
0.163196
0.178668
0.152907
0.166893
0.162109
0.122004
0.137805
0.157498
0.220284
0.191298
0.186695
0.186562
0.158003
0.128095
0.142129
0.186366
0.145209
0.127726
0.160111
0.199825
0.169569
0.160853
0.220781
0.20688
0.133595
0.11771
0.111679
0.143856
0.166898
0.14257
0.175812
0.210868
0.166358
0.219197
0.168868
0.179872
0.163766
0.159016
0.232305
0.197718
0.188111
0.171667
0.174704
0.118484
0.144775
0.169052
0.244886
0.205025
0.242142
0.133099
0.158399
0.235163
0.142205
0.130514
0.159787
0.148571
0.169856
0.211817
0.190072
0.190207
0.203895
0.120927
0.22463
0.194701
0.135755
0.226386
0.181024
0.150979
0.165958
0.14527
0.17829
0.203918
0.118871
0.163898
0.142177
0.15093
0.178829
0.14941
0.111262
0.236228
0.168539
0.163742
0.17092
0.183943
0.161197
0.197232
0.186929
0.150699
0.199567
0.150172
0.15046
0.255621
0.193628
0.145137
0.157391
0.185836
0.159251
0.143183
0.167198
0.161457
0.178446
0.179215
0.202856
0.173452
0.140985
0.121389
0.211546
0.22943
0.135338
0.175819
0.191699
0.168168
0.176171
0.138804
0.194709
0.191886
0.139912
0.135472
0.186351
0.132503
0.189401
0.183072
0.138301
0.163345
0.180503
0.192302
0.11902
0.155646
0.180071
0.165001
0.139915
0.179889
0.162928
0.146493
0.146386
0.170482
0.175795
0.159809
0.138955
0.154853
0.192947
0.216183
0.181673
0.117541
0.191013
0.184323
0.203606
0.123404
0.185657
0.152431
0.152315
0.181511
0.128107
0.124419
0.123956
0.171242
0.211836
0.237711
0.224513
0.103295
0.161198
0.194784
0.139708
0.188599
0.175138
0.155266
0.192534
0.156571
0.136664
0.137155
0.212956
0.190247
0.16726
0.1783
0.162525
0.165763
0.18465
0.169216
0.124045
0.152889
0.195291
0.151122
0.119229
0.194924
0.183163
0.158965
0.146433
0.171716
0.128925
0.213687
0.139182
0.146256
0.146314
0.138257
0.155224
0.150248
0.171114
0.159495
0.171548
0.14774
0.157745
0.180968
0.185832
0.181224
0.201805
0.224172
0.192429
0.158383
0.178223
0.173155
0.168004
0.162566
0.138408
0.206956
0.137351
0.176706
0.131095
0.197848
0.22605
0.182674
0.241894
0.153611
0.170574
0.164895
0.148972
0.182175
0.199575
0.121649
0.173345
0.163655
0.22405
0.164246
0.198401
0.185321
0.176411
0.137531
0.150498
0.161439
0.196866
0.167694
0.231695
0.156039
0.17003
0.157109
0.23624
0.236851
0.146876
0.140321
0.143976
0.193978
0.15123
0.168023
0.18572
0.187553
0.204028
0.183776
0.22357
0.174185
0.191116
0.123645
0.145221
0.189641
0.172743
0.189834
0.112761
0.127765
0.119132
0.231859
0.185199
0.167208
0.185419
0.134384
0.202607
0.216474
0.137934
0.119434
0.183673
0.098589
0.148878
0.170886
0.214394
0.184871
0.152437
0.209634
0.189777
0.156514
0.173341
0.144309
0.127305
0.180478
0.133706
0.168384
0.137291
0.14637
0.176471
0.179146
0.163178
0.127212
0.194977
0.160412
0.167677
0.18437
0.133302
0.152956
0.123032
0.19435
0.164663
0.126061
0.205311
0.157137
0.114166
0.211836
0.212916
0.177346
0.160343
0.187944
0.167333
0.165721
0.197936
0.220342
0.149193
0.209448
0.183792
0.178698
0.182453
0.206781
0.181963
0.179688
0.222979
0.172239
0.134801
0.219901
0.124
0.156073
0.205551
0.154365
0.166849
0.155281
0.213798
0.193696
0.163998
0.136634
0.170468
0.183135
0.182566
0.124469
0.146923
0.135212
0.164782
0.163821
0.162211
0.217106
0.154202
0.199579
0.166413
0.126788
0.188633
0.200693
0.185473
0.135711
0.199076
0.179094
0.180176
0.171372
0.175929
0.162275
0.176198
0.105754
0.193739
0.136459
0.22225
0.223559
0.158679
0.176881
0.142647
0.155513
0.184496
0.195571
0.175898
0.169486
0.154179
0.201666
0.206139
0.171299
0.194455
0.178074
0.155815
0.136888
0.167153
0.159321
0.199804
0.155444
0.167612
0.145302
0.155624
0.196023
0.15541
0.14504
0.155345
0.148458
0.15509
0.164475
0.182151
0.19956
0.204111
0.184135
0.195594
0.190876
0.117119
0.191653
0.163467
0.170981
0.167806
0.153856
0.165086
0.0920431
0.188147
0.146602
0.175677
0.166123
0.154415
0.197355
0.15427
0.179732
0.190927
0.168387
0.214029
0.15616
0.234958
0.171767
0.208157
0.152881
0.132017
0.18731
0.182858
0.178206
0.212108
0.198327
0.143747
0.158622
0.159134
0.174051
0.180124
0.204336
0.202434
0.170889
0.170395
0.201407
0.110402
0.170368
0.165976
0.12412
0.178318
0.159998
0.142721
0.140542
0.160369
0.179732
0.140579
0.18027
0.166681
0.170822
0.172144
0.126096
0.125366
0.16756
0.212761
0.174936
0.194589
0.178314
0.159532
0.215533
0.169819
0.189289
0.149553
0.144322
0.157295
0.255875
0.184734
0.150213
0.154357
0.182458
0.178348
0.222058
0.21254
0.195444
0.133892
0.164516
0.12295
0.141517
0.213128
0.171576
0.203006
0.169303
0.273212
0.153802
0.189376
0.172023
0.167354
0.178691
0.215985
0.163508
0.216582
0.105765
0.109621
0.136116
0.150528
0.164748
0.105141
0.127864
0.134231
0.152987
0.178101
0.179344
0.157999
0.188669
0.129068
0.222267
0.182924
0.188548
0.107119
0.153065
0.24335
0.223045
0.187867
0.187543
0.173144
0.18196
0.170625
0.152706
0.154531
0.212191
0.151289
0.152304
0.214193
0.151031
0.164355
0.114371
0.130364
0.119905
0.146875
0.157025
0.171136
0.171932
0.19118
0.201397
0.160191
0.15889
0.15384
0.253161
0.216899
0.204393
0.127649
0.183735
0.117399
0.116668
0.158187
0.144008
0.131653
0.175875
0.146657
0.125392
0.184407
0.18267
0.222092
0.158264
0.167555
0.181828
0.188091
0.155362
0.176704
0.148781
0.178714
0.180677
0.136108
0.172066
0.233142
0.153279
0.107715
0.137999
0.166804
0.126743
0.143161
0.149905
0.215984
0.152865
0.123099
0.198252
0.167714
0.211058
0.142754
0.209162
0.14579
0.156588
0.205414
0.18169
0.165626
0.164989
0.118231
0.224979
0.170718
0.134886
0.200723
0.196552
0.160283
0.168905
0.176249
0.194178
0.185088
0.219193
0.181076
0.221958
0.19783
0.199772
0.167559
0.250934
0.167097
0.193408
0.152886
0.155105
0.157081
0.1594
0.212563
0.192265
0.206039
0.204036
0.119782
0.171381
0.181722
0.12988
0.207392
0.170631
0.147605
0.213544
0.137807
0.185774
0.163299
0.170047
0.231106
0.211109
0.161622
0.223672
0.189542
0.245367
0.198814
0.136614
0.263714
0.135839
0.171823
0.172838
0.197346
0.179524
0.185764
0.189451
0.184501
0.156739
0.219777
0.166723
0.237403
0.165946
0.251654
0.210557
0.1341
0.1558
0.144453
0.132179
0.146765
0.14378
0.18179
0.238533
0.156332
0.137796
0.178331
0.200613
0.117399
0.189883
0.22692
0.230017
0.182437
0.163363
0.185904
0.156234
0.19264
0.164053
0.13589
0.141627
0.177508
0.186963
0.184242
0.166864
0.137519
0.153727
0.178503
0.159855
0.179302
0.150327
0.123151
0.159047
0.180251
0.191996
0.205627
0.144524
0.204183
0.161817
0.161535
0.197239
0.147979
0.129482
0.159861
0.138156
0.19266
0.173888
0.175037
0.175852
0.189185
0.211372
0.174313
0.15812
0.166679
0.170341
0.174176
0.131319
0.142856
0.149524
0.141488
0.192608
0.237646
0.17133
0.196868
0.189788
0.171573
0.165501
0.16684
0.158438
0.166154
0.14181
0.149667
0.176177
0.17263
0.130974
0.192917
0.149424
0.191444
0.228931
0.189441
0.168712
0.182191
0.232487
0.176099
0.14601
0.165025
0.146304
0.164575
0.162289
0.162838
0.125045
0.212267
0.129257
0.129464
0.216924
0.146666
0.135514
0.123027
0.199531
0.156165
0.191979
0.156427
0.183285
0.232102
0.196244
0.188064
0.220765
0.137696
0.20185
0.212662
0.154039
0.178524
0.125427
0.162489
0.196887
0.134633
0.195823
0.173092
0.148474
0.175248
0.154958
0.145368
0.135156
0.169221
0.140461
0.166383
0.193192
0.156957
0.125844
0.157158
0.186446
0.166539
0.195081
0.17868
0.19327
0.299686
0.218747
0.19746
0.180258
0.213355
0.192765
0.237561
0.220485
0.106185
0.183165
0.152835
0.153475
0.164814
0.208538
0.15583
0.142057
0.13585
0.174113
0.19121
0.197014
0.196281
0.186908
0.168541
0.1764
0.2169
0.155332
0.182929
0.173476
0.156791
0.17176
0.155905
0.183009
0.137894
0.154584
0.150681
0.162645
0.183098
0.147658
0.17086
0.146924
0.147057
0.160709
0.169558
0.148448
0.158673
0.15884
0.14733
0.148026
0.159991
0.185335
0.159518
0.236795
0.207314
0.142444
0.111182
0.124051
0.177434
0.145319
0.1397
0.181092
0.130956
0.161532
0.184634
0.151548
0.162518
0.17981
0.184753
0.148428
0.141818
0.15991
0.2239
0.19008
0.184819
0.175459
0.130973
0.150441
0.158097
0.193155
0.153168
0.211041
0.19627
0.152832
0.153191
0.205749
0.198797
0.211226
0.220904
0.17076
0.214534
0.131318
0.19682
0.14965
0.175323
0.14571
0.160322
0.195773
0.153887
0.199135
0.17112
0.144984
0.204042
0.16348
0.177642
0.199261
0.184946
0.155545
0.211242
0.140916
0.154111
0.213393
0.201608
0.133652
0.179705
0.201311
0.135979
0.184828
0.223017
0.203534
0.127722
0.145551
0.191839
0.151115
0.196379
0.198633
0.160862
0.17233
0.153592
0.163881
0.187355
0.146286
0.189191
0.169184
0.155649
0.177036
0.123091
0.210523
0.156542
0.153022
0.151914
0.151186
0.198396
0.181664
0.188686
0.153098
0.160145
0.145897
0.185209
0.1501
0.160085
0.132582
0.165327
0.131897
0.153226
0.186122
0.0808796
0.187682
0.139884
0.191014
0.175396
0.191648
0.139443
0.136045
0.182213
0.135844
0.148932
0.135817
0.199688
0.172656
0.168566
0.184396
0.156727
0.215751
0.275385
0.157364
0.210003
0.182491
0.142662
0.142604
0.204615
0.193315
0.169511
0.198922
0.168203
0.179943
0.206145
0.194754
0.182151
0.155228
0.200645
0.185244
0.182148
0.183885
0.154449
0.213587
0.191512
0.150311
0.136244
0.184262
0.17827
0.167478
0.163299
0.179124
0.15201
0.165197
0.16148
0.122532
0.137919
0.157383
0.220129
0.191554
0.186626
0.186276
0.157542
0.127849
0.141794
0.186194
0.145539
0.126974
0.16082
0.200404
0.170149
0.159656
0.219879
0.207276
0.133571
0.117953
0.111641
0.143502
0.166947
0.142722
0.176077
0.210648
0.166521
0.218542
0.16757
0.179515
0.164742
0.158019
0.232258
0.197807
0.188069
0.171952
0.17485
0.118243
0.144875
0.168984
0.244937
0.205109
0.241872
0.133287
0.158355
0.235206
0.142716
0.13072
0.159991
0.148639
0.170097
0.210735
0.189874
0.188535
0.202919
0.121031
0.224274
0.19487
0.135599
0.226593
0.181539
0.150993
0.165756
0.145614
0.178282
0.203972
0.118976
0.163899
0.141941
0.151227
0.178716
0.149509
0.111321
0.235575
0.168959
0.163813
0.170623
0.184005
0.161356
0.197394
0.187238
0.150464
0.199413
0.150116
0.150016
0.255078
0.193369
0.144343
0.15788
0.187466
0.158846
0.142968
0.167632
0.161358
0.177779
0.179453
0.202749
0.161884
0.137581
0.119097
0.20932
0.228708
0.135262
0.172148
0.19054
0.167485
0.175944
0.138759
0.19524
0.191784
0.139742
0.135513
0.186142
0.132092
0.189318
0.182322
0.138288
0.164226
0.182478
0.192661
0.118889
0.155494
0.180575
0.164669
0.139889
0.180592
0.16247
0.147387
0.146125
0.170963
0.175385
0.159805
0.139264
0.154536
0.192976
0.21718
0.181199
0.118211
0.190701
0.184327
0.202481
0.124154
0.185792
0.15147
0.151235
0.180421
0.130287
0.124809
0.124486
0.225586
0.204531
0.235273
0.227362
0.103269
0.162897
0.196373
0.139723
0.188402
0.175415
0.155748
0.192788
0.161017
0.142023
0.137646
0.214509
0.191711
0.167541
0.178322
0.162305
0.166023
0.184689
0.169096
0.123982
0.153252
0.195773
0.151212
0.119541
0.194954
0.183367
0.159085
0.146401
0.171888
0.128696
0.213759
0.139305
0.146502
0.14661
0.13836
0.155346
0.150263
0.171503
0.153062
0.166913
0.147303
0.157885
0.181003
0.186151
0.182734
0.203489
0.226038
0.192146
0.157999
0.177322
0.172883
0.16781
0.162384
0.138295
0.207171
0.137142
0.175999
0.131695
0.194785
0.225823
0.181905
0.242488
0.15435
0.168648
0.164487
0.150372
0.181076
0.191875
0.123921
0.174576
0.163122
0.224297
0.163622
0.199615
0.186381
0.175989
0.137901
0.152057
0.163092
0.197107
0.167295
0.233484
0.155383
0.170324
0.156606
0.236475
0.237152
0.147102
0.140111
0.143479
0.19416
0.150467
0.166368
0.18618
0.1892
0.204403
0.183003
0.222687
0.17559
0.191103
0.124392
0.143859
0.187025
0.173982
0.187987
0.111962
0.123802
0.119556
0.227441
0.185432
0.167846
0.187899
0.134679
0.203646
0.21761
0.137963
0.119676
0.18362
0.0988025
0.148118
0.170798
0.215102
0.184367
0.153569
0.210143
0.191358
0.157009
0.173567
0.137319
0.127927
0.180134
0.134136
0.168673
0.137197
0.146715
0.176508
0.179803
0.163421
0.127248
0.195125
0.16059
0.168441
0.18453
0.133827
0.152114
0.12302
0.193873
0.164956
0.125855
0.204458
0.161238
0.113646
0.211961
0.213717
0.177658
0.160079
0.188243
0.167484
0.165477
0.197776
0.222369
0.149646
0.209621
0.183504
0.17922
0.181856
0.207171
0.181852
0.210929
0.21897
0.17184
0.135297
0.220181
0.124054
0.15596
0.204587
0.154854
0.166129
0.155022
0.213399
0.192921
0.166871
0.136693
0.170988
0.183837
0.186389
0.125692
0.146656
0.135197
0.166235
0.16352
0.161437
0.216453
0.153602
0.200089
0.165192
0.129695
0.18675
0.197719
0.186492
0.135533
0.196295
0.175346
0.182612
0.172317
0.176643
0.163764
0.177487
0.10573
0.195073
0.138398
0.223515
0.223483
0.158817
0.175952
0.142726
0.155901
0.185706
0.195964
0.177211
0.169115
0.15379
0.20014
0.206214
0.172478
0.195138
0.178314
0.155435
0.137368
0.169386
0.159352
0.199828
0.155737
0.167709
0.145378
0.155546
0.195725
0.155337
0.143745
0.154387
0.147867
0.202803
0.171542
0.178894
0.194273
0.203486
0.184638
0.198366
0.189205
0.118228
0.190574
0.163359
0.171907
0.168063
0.154565
0.166428
0.0931256
0.188157
0.149073
0.177329
0.166923
0.155496
0.198775
0.155349
0.179999
0.190875
0.168713
0.213915
0.156709
0.234477
0.172057
0.208107
0.152517
0.132354
0.18684
0.182744
0.179261
0.212474
0.197761
0.145779
0.159001
0.159478
0.173872
0.180074
0.204164
0.202777
0.170634
0.169405
0.203174
0.110373
0.16922
0.166494
0.124484
0.179196
0.159975
0.143781
0.143293
0.160126
0.179081
0.140655
0.183693
0.166329
0.171953
0.173244
0.125402
0.125644
0.167037
0.212977
0.174859
0.19519
0.180105
0.159309
0.215088
0.169325
0.190176
0.149403
0.144346
0.156966
0.259379
0.184714
0.14886
0.154118
0.181466
0.178419
0.219518
0.21499
0.196118
0.133584
0.165264
0.121917
0.140898
0.156183
0.180092
0.201635
0.166559
0.269744
0.151083
0.188858
0.173659
0.165244
0.179337
0.216998
0.164266
0.216203
0.105366
0.108339
0.138478
0.150132
0.16467
0.105416
0.130124
0.134748
0.152488
0.177743
0.180144
0.158112
0.189037
0.129243
0.222978
0.183588
0.188583
0.107914
0.153207
0.243804
0.225142
0.188232
0.187211
0.171381
0.180368
0.171672
0.152789
0.159778
0.225244
0.151012
0.15049
0.215293
0.152218
0.165426
0.111389
0.129968
0.119701
0.144606
0.157246
0.170983
0.172882
0.197004
0.186942
0.157912
0.159023
0.154593
0.180142
0.19557
0.20852
0.127755
0.183173
0.117632
0.117555
0.159379
0.144028
0.131731
0.173063
0.146019
0.125099
0.184497
0.183515
0.22023
0.159265
0.166426
0.183798
0.156785
0.14818
0.176267
0.148762
0.1778
0.181911
0.135871
0.170949
0.232434
0.151669
0.107891
0.137527
0.168129
0.127002
0.144388
0.15029
0.216618
0.153666
0.123563
0.197795
0.168414
0.212086
0.142837
0.209056
0.145867
0.155691
0.204599
0.181495
0.165538
0.164724
0.118556
0.225132
0.170542
0.13496
0.199837
0.195976
0.162606
0.169527
0.177233
0.193672
0.18204
0.221147
0.183215
0.222036
0.197748
0.202159
0.167209
0.249663
0.166254
0.193202
0.152205
0.155402
0.152811
0.158904
0.213094
0.193338
0.198175
0.19952
0.120006
0.173347
0.181855
0.131791
0.215502
0.174143
0.148384
0.214796
0.137294
0.185485
0.164834
0.171338
0.232254
0.211596
0.161856
0.2561
0.200154
0.245347
0.197463
0.135734
0.262625
0.133192
0.171769
0.174549
0.198657
0.176836
0.19171
0.190464
0.184104
0.156994
0.223325
0.169445
0.2379
0.166343
0.252019
0.208086
0.134256
0.155745
0.144524
0.131883
0.147479
0.144022
0.181686
0.236
0.157858
0.139351
0.178192
0.200733
0.118366
0.189435
0.22776
0.230252
0.18383
0.161884
0.186987
0.156344
0.192378
0.16407
0.136157
0.142226
0.177694
0.187149
0.184077
0.165656
0.137613
0.154371
0.177871
0.159158
0.178622
0.151841
0.123852
0.157673
0.182296
0.192974
0.20595
0.144765
0.20519
0.19235
0.154242
0.200379
0.147823
0.129631
0.160184
0.138686
0.19326
0.174155
0.175162
0.175568
0.189718
0.211812
0.175229
0.161242
0.160427
0.171763
0.175621
0.130892
0.142601
0.148109
0.138488
0.195127
0.242345
0.175307
0.197177
0.190048
0.173151
0.165301
0.166102
0.158356
0.16707
0.14209
0.151834
0.176432
0.172474
0.131372
0.192491
0.150602
0.190653
0.2259
0.193473
0.167631
0.182005
0.230253
0.168514
0.141721
0.162463
0.144104
0.167849
0.166348
0.170646
0.125052
0.210959
0.129076
0.129632
0.216164
0.146935
0.135013
0.123646
0.199677
0.154829
0.194223
0.15451
0.188239
0.231441
0.195384
0.188102
0.220712
0.137576
0.203343
0.215385
0.154174
0.178288
0.125232
0.162188
0.196808
0.13477
0.196266
0.172823
0.147183
0.176034
0.154362
0.144086
0.133395
0.167265
0.146818
0.165666
0.193045
0.15681
0.12583
0.157721
0.185825
0.166681
0.194119
0.179034
0.194184
0.303563
0.219655
0.196675
0.180794
0.212135
0.192858
0.23802
0.220203
0.104685
0.183438
0.15257
0.154162
0.163593
0.148776
0.162791
0.141954
0.136396
0.172655
0.191588
0.198711
0.196918
0.186779
0.168931
0.173939
0.215593
0.155493
0.1822
0.17399
0.156859
0.17202
0.157356
0.183104
0.137779
0.153759
0.150537
0.163047
0.182887
0.147403
0.172937
0.147316
0.147055
0.161313
0.170176
0.14904
0.159107
0.158681
0.147629
0.14766
0.160303
0.185018
0.159214
0.236925
0.209174
0.144263
0.111514
0.124085
0.177323
0.14502
0.139692
0.180908
0.130828
0.161622
0.18431
0.150912
0.162488
0.18143
0.184952
0.148311
0.141177
0.160439
0.223637
0.190185
0.18531
0.174942
0.13083
0.15053
0.15829
0.194115
0.153778
0.212189
0.19721
0.152179
0.153231
0.206013
0.198528
0.212134
0.222383
0.170991
0.214366
0.131559
0.196867
0.149691
0.175911
0.145545
0.160345
0.19585
0.15392
0.199428
0.171214
0.145243
0.204626
