1.54635
0.633928
0.35648
0.146351
0.217805
0.193445
0.152195
0.165083
0.169916
0.18611
0.137134
0.210761
0.197129
0.105089
0.126606
0.209322
0.156301
0.215586
0.159096
0.159661
0.138128
0.186175
0.139431
0.174863
0.144021
0.184832
0.179608
0.1478
0.145329
0.17408
0.146517
0.20974
0.175243
0.213608
0.247375
0.272058
0.446919
0.323229
0.209847
0.19157
0.173089
0.234766
0.341212
0.340793
0.313075
0.313805
0.27798
0.209554
0.173947
0.200421
0.183765
0.222295
0.228832
0.182599
0.152456
0.246763
0.198074
0.277326
0.481441
0.582347
0.240172
0.220234
0.276363
0.313298
0.198196
0.262656
0.285234
0.249698
0.205585
0.230392
0.209294
0.158718
0.186636
0.130497
0.185533
0.176394
0.139534
0.162965
0.191336
0.185781
0.261548
0.311208
0.467336
0.274827
0.187824
0.181286
0.158367
0.121577
0.169617
0.230044
0.31953
0.266035
0.17353
0.173748
0.152242
0.132966
0.14014
0.220677
0.243209
0.236831
0.258553
0.247503
0.488571
0.239497
0.281475
0.192941
0.149855
0.216827
0.178003
0.199003
0.179421
0.185008
0.145471
0.210112
0.123993
0.183578
0.209793
0.205514
0.193336
0.158696
0.237088
0.14255
0.158577
0.192431
0.212954
0.282381
0.291038
0.213847
0.16361
0.172914
0.117684
0.201562
0.202072
0.145287
0.224182
0.148222
0.1864
0.151283
0.168347
0.168366
0.193524
0.11428
0.289519
0.373537
0.213284
0.260188
0.198575
0.193774
0.203225
0.201017
0.199768
0.170654
0.188218
0.197785
0.167768
0.161456
0.174628
0.171472
0.140189
0.24655
0.149013
0.18196
0.222087
0.241669
0.155095
0.184897
0.207066
0.148554
0.13903
0.164328
0.174616
0.158143
0.147161
0.223426
0.169723
0.199188
0.250928
0.179678
0.168571
0.164411
0.21406
0.17336
0.193826
0.169572
0.162604
0.237312
0.136806
0.180359
0.268842
0.202093
0.224332
0.189865
0.225667
0.153449
0.143376
0.23585
0.167358
0.217995
0.272399
0.136653
0.175416
0.153842
0.118064
0.171833
0.250358
0.177019
0.177856
0.236022
0.576565
0.141812
0.187491
0.195241
0.198063
0.198777
0.176408
0.138295
0.205287
0.201579
0.1769
0.0917239
0.153772
0.216644
0.190994
0.167738
0.168609
0.187148
0.181811
0.170048
0.210758
0.229823
0.242498
0.169083
0.246523
0.124612
0.241353
0.159655
0.123207
0.177651
0.198963
0.145299
0.241315
0.19404
0.249558
0.148703
0.17042
0.200582
0.189331
0.180089
0.182656
0.182881
0.21643
0.162125
0.158551
0.152565
0.167382
0.160588
0.146972
0.137846
0.207167
0.226489
0.200475
0.16
0.204802
0.124422
0.218475
0.184807
0.15067
0.150384
0.247129
0.230715
0.166049
0.170318
0.180294
0.132075
0.183278
0.185203
0.186372
0.176471
0.173922
0.167305
0.161901
0.122788
0.234372
0.214803
0.132154
0.168341
0.134923
0.214035
0.184855
0.187582
0.141962
0.127573
0.182075
0.180659
0.17134
0.19105
0.181951
0.149621
0.18128
0.171655
0.185736
0.166292
0.138882
0.18659
0.22607
0.190338
0.165469
0.171605
0.17035
0.20465
0.19458
0.141614
0.145307
0.203736
0.151185
0.212015
0.17705
0.21908
0.175469
0.237416
0.199854
0.231373
0.272872
0.127118
0.135368
0.205676
0.18972
0.200824
0.195494
0.160154
0.138618
0.159174
0.167432
0.216023
0.391531
0.102685
0.156134
0.213453
0.113268
0.193984
0.180331
0.161841
0.194791
0.119417
0.169414
0.184697
0.164733
0.160535
0.143887
0.17609
0.20979
0.138622
0.184196
0.215125
0.211413
0.141321
0.141109
0.189393
0.210557
0.15313
0.138405
0.104471
0.178493
0.246928
0.159296
0.175305
0.186981
0.16695
0.191076
0.194397
0.115115
0.273327
0.125399
0.136981
0.118487
0.154132
0.10433
0.192881
0.194177
0.208202
0.212766
0.236332
0.185076
0.13523
0.208119
0.135218
0.151497
0.173825
0.147843
0.180353
0.151304
0.221791
0.189639
0.157537
0.18428
0.223839
0.22469
0.132967
0.165539
0.165229
0.187488
0.217434
0.157442
0.126133
0.151932
0.156207
0.154201
0.144781
0.210735
0.188761
0.191875
0.202838
0.175656
0.166747
0.222562
0.224926
0.151152
0.184924
0.178945
0.171313
0.145548
0.264527
0.145541
0.208426
0.208893
0.139268
0.186418
0.160653
0.179816
0.218836
0.170008
0.174636
0.217909
0.149092
0.192516
0.221782
0.139496
0.1713
0.129467
0.161814
0.158666
0.140215
0.169812
0.209062
0.138628
0.15817
0.208926
0.167601
0.192289
0.174947
0.1656
0.149146
0.205107
0.169329
0.132223
0.119687
0.106242
0.168758
0.117095
0.139156
0.235889
0.183982
0.129408
0.198607
0.161047
0.202385
0.201498
0.152909
0.162527
0.17189
0.180805
0.160097
0.151594
0.151221
0.12715
0.157751
0.163202
0.138079
0.162928
0.195414
0.137511
0.21165
0.17563
0.177483
0.163028
0.154368
0.162164
0.2494
0.293125
0.14198
0.205404
0.172673
0.172408
0.213347
0.221125
0.187708
0.159695
0.149621
0.205891
0.166198
0.206643
0.156258
0.126879
0.191646
0.106582
0.146184
0.170953
0.192809
0.132584
0.160432
0.13039
0.189715
0.228359
0.147963
0.158245
0.1725
0.1757
0.231332
0.157919
0.135065
0.115543
0.156436
0.133609
0.115916
0.196756
0.144015
0.156519
0.180233
0.193215
0.163269
0.196678
0.197062
0.133503
0.171129
0.166193
0.118093
0.190668
0.192065
0.136294
0.149349
0.168242
0.214804
0.168589
0.215184
0.178831
0.163894
0.192568
0.190375
0.139676
0.197846
0.161141
0.147884
0.154153
0.196386
0.147881
0.167016
0.173715
0.122466
0.178733
0.143159
0.136599
0.142419
0.162121
0.149474
0.188883
0.172851
0.135156
0.181978
0.17529
0.1394
0.203173
0.141392
0.156162
0.214558
0.19726
0.207251
0.175477
0.223981
0.168563
0.224165
0.215421
0.200223
0.109116
0.177524
0.185055
0.213502
0.171252
0.204108
0.224378
0.17383
0.16772
0.196286
0.159709
0.126054
0.163426
0.130627
0.167492
0.102434
0.193929
0.146536
0.16447
0.161327
0.160364
0.144655
0.186821
0.217268
0.160617
0.152006
0.177961
0.161717
0.160203
0.193093
0.195188
0.0995564
0.126219
0.207302
0.161989
0.193423
0.162716
0.164099
0.146984
0.168676
0.124798
0.169184
0.146599
0.161221
0.155757
0.145936
0.1163
0.18105
0.126591
0.20357
0.144063
0.149689
0.189913
0.148759
0.244726
0.165083
0.154155
0.168999
0.701587
0.290931
0.233749
0.183703
0.123999
0.165399
0.158541
0.185728
0.203331
0.196716
0.163753
0.185364
0.198956
0.154117
0.14245
0.256689
0.161967
0.171198
0.191019
0.247115
0.167594
0.10936
0.173106
0.177197
0.140017
0.199655
0.17004
0.160555
0.172553
0.201445
0.215033
0.154897
0.187521
0.116369
0.183849
0.167685
0.137655
0.168887
0.174393
0.162634
0.170011
0.145974
0.177122
0.196917
0.181884
0.202818
0.153187
0.125295
0.16757
0.183082
0.205005
0.155336
0.165325
0.171415
0.156111
0.126965
0.121495
0.181159
0.163945
0.19525
0.19657
0.170543
0.215149
0.163126
0.142219
0.149555
0.142329
0.217952
0.169835
0.195329
0.172684
0.181448
0.1524
0.205986
0.132033
0.180301
0.188041
0.184402
0.156573
0.110058
0.185471
0.102316
0.172592
0.210858
0.169821
0.18952
0.149583
0.17706
0.135116
0.160737
0.116232
0.196632
0.175267
0.144526
0.233981
0.141974
0.191349
0.160477
0.160031
0.162237
0.174682
0.147061
0.242274
0.201171
0.142787
0.153673
0.173195
0.157544
0.183683
0.204451
0.188232
0.18169
0.169342
0.213714
0.166336
0.163401
0.174492
0.159965
0.143819
0.244943
0.125906
0.132361
0.147665
0.221292
0.132471
0.153244
0.217294
0.146731
0.133738
0.164522
0.181871
0.15795
0.147948
0.241312
0.147262
0.131492
0.186779
0.16419
0.168492
0.188059
0.191585
0.16165
0.182498
0.173796
0.167636
0.235326
0.13709
0.172455
0.233203
0.149333
0.186216
0.180023
0.216342
0.154949
0.148267
0.21723
0.156868
0.169882
0.245035
0.139971
0.172474
0.153633
0.104354
0.169079
0.240252
0.160138
0.15486
0.21766
0.201205
0.132737
0.1705
0.194861
0.198721
0.194676
0.163883
0.129041
0.204979
0.166498
0.168034
0.0878815
0.155788
0.212326
0.167721
0.163083
0.168676
0.191047
0.17887
0.157839
0.190111
0.200233
0.201534
0.160218
0.248817
0.123599
0.238802
0.275605
0.113192
0.174588
0.198481
0.143506
0.227258
0.144693
0.242946
0.150678
0.169848
0.195089
0.19553
0.182068
0.184617
0.162148
0.168554
0.152936
0.159981
0.14359
0.162392
0.156521
0.147619
0.144195
0.201138
0.198189
0.187759
0.15456
0.198624
0.129815
0.201512
0.190279
0.14992
0.151929
0.214137
0.178451
0.160077
0.167612
0.186484
0.135917
0.198067
0.164286
0.146754
0.185425
0.173022
0.162754
0.16047
0.117762
0.222462
0.201621
0.124228
0.171825
0.134436
0.211762
0.173586
0.184278
0.142367
0.117805
0.168683
0.158065
0.140962
0.189493
0.181234
0.146096
0.174277
0.17279
0.188326
0.166521
0.150482
0.167722
0.218067
0.19876
0.168805
0.166647
0.142174
0.181139
0.180286
0.1388
0.149162
0.206037
0.151943
0.208742
0.175092
0.215371
0.178856
0.232201
0.198022
0.203934
0.216883
0.131191
0.133758
0.200188
0.176729
0.20101
0.195074
0.157749
0.132299
0.149915
0.161467
0.220196
0.133625
0.117436
0.152337
0.208578
0.112598
0.192344
0.175155
0.162589
0.186989
0.116615
0.172681
0.188671
0.143456
0.152856
0.144142
0.176586
0.211554
0.136824
0.181596
0.225176
0.198494
0.127339
0.135956
0.187743
0.206796
0.144604
0.165546
0.107064
0.177094
0.215641
0.151095
0.178685
0.187486
0.16038
0.180652
0.188518
0.123494
0.244068
0.11819
0.138836
0.114183
0.157987
0.117893
0.186943
0.202252
0.201879
0.192904
0.172428
0.160381
0.121424
0.206127
0.138737
0.153267
0.164307
0.137058
0.163253
0.152463
0.22209
0.178153
0.145637
0.18753
0.223837
0.224455
0.131379
0.162258
0.161266
0.18237
0.215794
0.156396
0.124983
0.154552
0.156979
0.157018
0.150059
0.20246
0.170945
0.182504
0.196992
0.177537
0.165046
0.216775
0.203436
0.134864
0.177695
0.181992
0.162786
0.147378
0.170278
0.129182
0.203027
0.207953
0.140176
0.184416
0.162264
0.178995
0.218164
0.175194
0.174089
0.226208
0.150421
0.176857
0.224409
0.140087
0.169932
0.130563
0.16568
0.157019
0.140768
0.169098
0.206876
0.139368
0.151197
0.203113
0.166945
0.19235
0.167855
0.151776
0.146688
0.204055
0.169785
0.132677
0.116539
0.100853
0.163823
0.113302
0.141659
0.231677
0.175004
0.120013
0.191612
0.163766
0.20431
0.19463
0.153054
0.16623
0.172283
0.17796
0.15425
0.152649
0.148845
0.122228
0.155459
0.155306
0.132092
0.172122
0.183633
0.131395
0.201889
0.169069
0.17766
0.162766
0.157664
0.166284
0.250116
0.256599
0.139666
0.222602
0.143867
0.168025
0.205468
0.249575
0.209914
0.156889
0.147595
0.207369
0.164439
0.207152
0.15611
0.125554
0.190818
0.106993
0.140725
0.172412
0.188015
0.134742
0.163295
0.130141
0.188336
0.231233
0.149217
0.146682
0.163951
0.162885
0.214659
0.145095
0.131864
0.116502
0.156664
0.132076
0.119094
0.196066
0.147761
0.153538
0.209266
0.182533
0.16611
0.204903
0.186491
0.162304
0.269019
0.180189
0.120324
0.159016
0.192887
3.1994
0.157556
0.186159
0.217849
0.180418
0.232002
0.167167
0.159841
0.17031
0.164864
0.142883
0.184855
0.155603
0.145064
0.14801
0.193443
0.149444
0.162703
0.171185
0.121708
0.176667
0.143403
0.13145
0.141639
0.158395
0.137767
0.181472
0.167887
0.139803
0.177861
0.184707
0.133321
0.191705
0.141355
0.154585
0.2152
0.187492
0.207705
0.178451
0.224385
0.156948
0.228925
0.188089
0.196151
0.113204
0.162012
0.185684
0.206423
0.169523
0.206375
0.220184
0.175929
0.16848
0.186958
0.158833
0.126869
0.163235
0.129428
0.168016
0.102902
0.198319
0.147412
0.165129
0.157059
0.157971
0.142426
0.179884
0.200529
0.146405
0.148659
0.178722
0.162139
0.147125
0.186095
0.186915
0.0964485
0.126752
0.208347
0.158515
0.18973
0.161751
0.16242
0.144427
0.169094
0.121778
0.172984
0.143483
0.157113
0.151585
0.144355
0.113179
0.185714
0.129481
0.2002
0.138578
0.152072
0.188835
0.149618
0.232075
0.165223
0.156563
0.171264
0.170454
0.207139
0.199213
0.181004
0.145676
0.159536
0.16016
0.170606
0.183993
0.202504
0.16919
0.181769
0.202284
0.152662
0.147996
0.249841
0.164484
0.174513
0.197015
0.239986
0.157309
0.115743
0.168929
0.174518
0.140035
0.188074
0.171353
0.158247
0.171679
0.204033
0.215123
0.1491
0.190421
0.120259
0.180155
0.169429
0.138256
0.164072
0.173691
0.16436
0.171266
0.146495
0.185722
0.191726
0.180494
0.170215
0.343509
0.199693
0.157272
0.170792
0.19401
0.146745
0.188593
0.174265
0.158841
0.1343
0.128524
0.17841
0.142187
0.229985
0.210153
0.206881
0.220263
0.167352
0.15052
0.151028
0.140836
0.224239
0.16921
0.192971
0.172578
0.185192
0.151735
0.203706
0.130665
0.186241
0.194367
0.191732
0.163151
0.12229
0.190539
0.108566
0.167475
0.182442
0.149866
0.188148
0.14712
0.206036
0.137615
0.163932
0.112567
0.199164
0.170032
0.143868
0.23078
0.141349
0.199141
0.146813
0.158869
0.162609
0.172876
0.157078
0.214914
0.195033
0.137269
0.150126
0.173291
0.157485
0.179105
0.203649
0.185967
0.185803
0.162703
0.21372
0.17034
0.154457
0.17465
0.157356
0.142365
0.240597
0.120881
0.134198
0.145427
0.222154
0.136674
0.158497
0.213483
0.145609
0.135702
0.157885
0.182055
0.158057
0.146507
0.229384
0.137003
0.126856
0.180411
0.166072
0.165503
0.156896
0.19265
0.158337
0.184922
0.175304
0.164836
0.235356
0.139191
0.172963
0.226947
0.142203
0.186223
0.177923
0.216544
0.154932
0.144716
0.21743
0.152782
0.166705
0.245735
0.139966
0.173785
0.151087
0.102361
0.169402
0.242457
0.161955
0.154311
0.209613
0.234524
0.135265
0.169886
0.194227
0.202496
0.201052
0.169637
0.130767
0.198522
0.153924
0.171743
0.0935993
0.152511
0.179451
0.195952
0.168693
0.178503
0.195692
0.167082
0.158017
0.196344
0.25484
0.1803
0.152927
0.243519
0.137945
0.246905
0.16054
0.122262
0.198046
0.190648
0.136677
0.20369
0.149678
0.27398
0.151814
0.176564
0.196716
0.191383
0.194592
0.187525
0.174047
0.17899
0.151697
0.161121
0.145698
0.165467
0.157957
0.151132
0.148371
0.19496
0.206873
0.203852
0.156669
0.194854
0.129195
0.186586
0.186182
0.149769
0.170583
0.232184
0.167507
0.167607
0.26688
0.268801
0.133084
0.198439
0.176368
0.154821
0.170559
0.176742
0.162049
0.164468
0.114067
0.224948
0.207972
0.125526
0.17406
0.139165
0.204961
0.173478
0.180806
0.136273
0.113479
0.164153
0.159281
0.166707
0.192083
0.237782
0.14733
0.171993
0.172434
0.190678
0.170279
0.150056
0.175738
0.214742
0.199214
0.16576
0.161892
0.144264
0.182128
0.182332
0.135673
0.145998
0.20338
0.157317
0.211775
0.17065
0.216335
0.177288
0.235852
0.193708
0.190919
0.231229
0.132551
0.133326
0.203297
0.16797
0.202338
0.192906
0.157884
0.133424
0.148992
0.161086
0.219956
0.13291
0.117962
0.151482
0.209711
0.112331
0.195341
0.175415
0.159222
0.186893
0.115426
0.171794
0.203621
0.141734
0.151945
0.147471
0.178125
0.21158
0.138861
0.181913
0.215043
0.198371
0.128003
0.132548
0.184401
0.207718
0.148144
0.138545
0.106574
0.175246
0.212397
0.150123
0.175231
0.186886
0.161818
0.178923
0.187104
0.125184
0.274942
0.114981
0.140451
0.116037
0.159139
0.117963
0.184398
0.202954
0.204523
0.193159
0.173583
0.159625
0.122212
0.204914
0.138361
0.154578
0.163426
0.134145
0.161089
0.152704
0.21891
0.171139
0.14357
0.189641
0.225598
0.225056
0.130984
0.160468
0.159786
0.181818
0.215239
0.156569
0.125536
0.154708
0.156219
0.15859
0.150724
0.196955
0.167562
0.180124
0.192893
0.178073
0.167428
0.212394
0.197516
0.134211
0.17585
0.182192
0.160656
0.147123
0.170126
0.129729
0.201339
0.206395
0.138281
0.182571
0.155172
0.167948
0.216786
0.17052
0.167868
0.245876
0.148436
0.174932
0.221457
0.138605
0.171275
0.129742
0.168591
0.156398
0.138744
0.168079
0.208494
0.1327
0.145244
0.202509
0.165591
0.188156
0.159499
0.148825
0.144904
0.20387
0.170597
0.134959
0.116227
0.102172
0.16369
0.116381
0.140336
0.231801
0.172032
0.119143
0.195519
0.159894
0.206715
0.195789
0.152926
0.16632
0.171681
0.174824
0.155485
0.150155
0.148979
0.122184
0.155663
0.158356
0.13068
0.176362
0.178069
0.130577
0.199075
0.16777
0.176783
0.162445
0.157264
0.170511
0.245645
0.18309
0.15661
0.180381
0.152835
0.16688
0.216213
0.216492
0.194731
0.149894
0.149225
0.20284
0.159276
0.206162
0.153819
0.121991
0.188965
0.104227
0.142985
0.171857
0.1863
0.134135
0.163232
0.126801
0.186988
0.232181
0.159337
0.140457
0.161636
0.163136
0.210383
0.142921
0.13089
0.114143
0.155015
0.178983
0.119504
0.200465
0.138998
0.151241
0.183807
0.183734
0.164876
0.195992
0.18097
0.126835
0.17317
0.170788
0.122044
0.179638
0.175247
0.127743
0.14211
0.176951
0.214149
0.164792
0.215904
0.171598
0.149073
0.164058
0.169527
0.14529
0.192724
0.157782
0.145862
0.148365
0.191331
0.146542
0.162899
0.171589
0.119944
0.177957
0.144427
0.133865
0.139567
0.16008
0.139317
0.181921
0.166742
0.13987
0.180542
0.182229
0.135813
0.185104
0.144895
0.155383
0.227786
0.190749
0.205006
0.167541
0.209768
0.156355
0.227466
0.182403
0.19683
0.110815
0.160907
0.188541
0.204533
0.170374
0.205772
0.224399
0.172893
0.165041
0.18827
0.158979
0.124815
0.164247
0.128429
0.169423
0.107568
0.182504
0.152969
0.16265
0.157589
0.158097
0.142778
0.179082
0.196611
0.140255
0.150933
0.179701
0.160556
0.145431
0.183555
0.186402
0.0971002
0.129332
0.206616
0.157172
0.190058
0.161545
0.162384
0.143832
0.167893
0.121056
0.17332
0.144477
0.157527
0.166074
0.139762
0.124579
0.179969
0.130092
0.20106
0.137766
0.15465
0.186594
0.152608
0.239437
0.166295
0.156535
0.171594
0.166857
0.201786
0.189894
0.180736
0.14318
0.159019
0.158411
0.171097
0.18082
0.19855
0.1695
0.182719
0.201125
0.1518
0.147935
0.247513
0.166351
0.172983
0.197143
0.236772
0.158769
0.115243
0.16888
0.173564
0.138791
0.187738
0.164501
0.155266
0.172846
0.201175
0.214457
0.143833
0.188872
0.117409
0.18153
0.168587
0.13996
0.161362
0.176521
0.164255
0.173822
0.14574
0.186709
0.193892
0.179231
0.168724
0.151347
0.122753
0.15452
0.175704
0.191242
0.155844
0.164443
0.17081
0.152425
0.126122
0.126213
0.179586
0.159071
0.195494
0.196389
0.17055
0.2078
0.153404
0.140252
0.154019
0.142292
0.21603
0.170687
0.199084
0.173438
0.181598
0.151723
0.204073
0.129746
0.177998
0.185861
0.185501
0.153907
0.111125
0.185657
0.10395
0.173109
0.187397
0.156247
0.186794
0.142305
0.170045
0.138716
0.157368
0.1141
0.197552
0.166706
0.16007
0.228824
0.140958
0.196386
0.147293
0.161752
0.163227
0.17343
0.158154
0.205095
0.195981
0.134346
0.149067
0.172477
0.155019
0.181154
0.202362
0.185031
0.185803
0.162186
0.212751
0.169996
0.155538
0.173498
0.159289
0.142876
0.240771
0.119167
0.133281
0.14513
0.22229
0.13473
0.155492
0.217911
0.143667
0.137842
0.157936
0.183976
0.158248
0.145539
0.22625
0.135799
0.12369
0.177583
0.396078
0.16627
0.155443
0.189384
0.160452
0.181925
0.177217
0.156551
0.238912
0.138711
0.166201
0.22165
0.141161
0.185707
0.180272
0.217575
0.155053
0.145311
0.215375
0.154514
0.155434
0.247733
0.138895
0.169971
0.152353
0.100371
0.171338
0.239842
0.157044
0.153521
0.215391
0.196329
0.131292
0.170793
0.193227
0.198718
0.189111
0.159448
0.128383
0.201597
0.152816
0.166687
0.0878685
0.153604
0.208095
0.155803
0.164746
0.16828
0.186909
0.170679
0.149897
0.184757
0.192776
0.185796
0.156711
0.249361
0.122195
0.23424
1.22714
0.111969
0.185986
0.191249
0.156012
0.195702
0.144101
0.241999
0.148744
0.173054
0.193005
0.196212
0.185428
0.186331
0.150644
0.156593
0.153111
0.16039
0.147946
0.16421
0.151919
0.146801
0.148575
0.203282
0.184216
0.187184
0.152743
0.199447
0.130169
0.190828
0.197011
0.147001
0.151188
0.198736
0.171016
0.163209
0.161715
0.182162
0.13927
0.188306
0.163329
0.143655
0.188539
0.169102
0.165339
0.164249
0.129435
0.222449
0.19856
0.12432
0.173351
0.138567
0.20693
0.168739
0.181234
0.136458
0.113478
0.163503
0.148215
0.135126
0.192136
0.186571
0.143469
0.168351
0.174653
0.190425
0.164318
0.161363
0.156242
0.219535
0.195271
0.166035
0.155287
0.139191
0.180199
0.178414
0.139377
0.14429
0.20168
0.153763
0.209377
0.173488
0.215873
0.178725
0.229869
0.19827
0.179885
0.202561
0.137922
0.136169
0.200539
0.176517
0.203122
0.195996
0.15572
0.131012
0.146058
0.15875
0.219826
0.131273
0.11571
0.159019
0.204305
0.113136
0.194316
0.177859
0.159304
0.184354
0.115801
0.17221
0.179203
0.141037
0.153269
0.143258
0.179259
0.207419
0.13684
0.181097
0.217044
0.19824
0.124997
0.132427
0.184032
0.205663
0.146302
0.14038
0.105852
0.176264
0.204167
0.150588
0.176202
0.185622
0.16044
0.178138
0.184358
0.128626
0.229879
0.116957
0.13981
0.11685
0.158473
0.119961
0.184325
0.200184
0.203262
0.195232
0.171984
0.165455
0.120287
0.203813
0.137495
0.152587
0.163689
0.13516
0.158489
0.15337
0.218829
0.170801
0.14243
0.186873
0.223167
0.226757
0.127649
0.159882
0.160154
0.183161
0.21385
0.155712
0.122082
0.157945
0.15655
0.15868
0.15301
0.186671
0.281505
0.192897
0.185897
0.179926
0.16837
0.200153
0.187855
0.133926
0.173972
0.182146
0.154111
0.147052
0.171422
0.132953
0.201859
0.20598
0.140556
0.186595
0.15787
0.166481
0.223938
0.167336
0.173067
0.209353
0.149269
0.169296
0.220199
0.140664
0.172544
0.126921
0.170894
0.155077
0.140149
0.172502
0.207591
0.133774
0.146537
0.19936
0.165657
0.185089
0.156068
0.147643
0.146749
0.201971
0.170002
0.136821
0.111438
0.104872
0.162195
0.116919
0.138018
0.230476
0.169846
0.117874
0.19495
0.157933
0.200151
0.197647
0.150646
0.16625
0.168366
0.173275
0.154337
0.15171
0.14943
0.119884
0.156429
0.155896
0.129298
0.174324
0.175378
0.130555
0.199231
0.167604
0.177516
0.160324
0.159904
0.173576
0.234188
0.153703
0.165923
0.181059
0.150556
0.164736
0.214967
0.215701
0.196889
0.146365
0.149203
0.203245
0.158758
0.209206
0.150351
0.121294
0.188468
0.102892
0.140022
0.173195
0.184521
0.135179
0.161648
0.126307
0.190318
0.232061
0.159683
0.138532
0.160815
0.160189
0.207265
0.142546
0.130113
0.115104
0.156065
0.132522
0.115608
0.201157
0.13718
0.153855
0.179656
0.18674
0.272808
0.188181
0.176885
0.124258
0.17213
0.170202
0.121239
0.175157
0.172554
0.128303
0.141127
0.174906
0.214251
0.16388
0.21632
0.171653
0.147788
0.160902
0.166449
0.143075
0.188093
0.156009
0.143627
0.148079
0.192646
0.147727
0.161609
0.170583
0.120046
0.181088
0.144808
0.132043
0.139443
0.159546
0.138414
0.183355
0.1671
0.140151
0.176551
0.185535
0.13808
0.183589
0.146489
0.152024
0.212752
0.193871
0.2038
0.158409
0.20738
0.157074
0.225186
0.179852
0.197526
0.112682
0.160505
0.189108
0.203224
0.169225
0.20776
0.221789
0.171488
0.168737
0.184196
0.157211
0.124258
0.165303
0.130869
0.169762
0.108707
0.175016
0.154544
0.172256
0.155467
0.160441
0.142328
0.178734
0.196782
0.135459
0.150883
0.178021
0.161631
0.144034
0.182412
0.181611
0.0958276
0.126055
0.205438
0.155034
0.191676
0.161914
0.161064
0.144595
0.168142
0.122419
0.174892
0.142054
0.158891
0.151624
0.142282
0.111666
0.185962
0.132531
0.197793
0.137321
0.154856
0.187012
0.151349
0.224475
0.16481
0.154755
0.171733
0.168018
0.200986
0.188269
0.18113
0.143299
0.155892
0.158881
0.172007
0.1827
0.195438
0.168022
0.182008
0.198785
0.153362
0.148504
0.245778
0.165888
0.17191
0.194716
0.238895
0.168339
0.109762
0.16398
0.167383
0.164826
0.182241
0.166331
0.156731
0.174159
0.202605
0.213829
0.152022
0.187241
0.117586
0.178892
0.171288
0.137639
0.165277
0.175537
0.165747
0.172948
0.145464
0.178092
0.192577
0.176482
0.169793
0.15229
0.124667
0.152254
0.168331
0.188749
0.155119
0.161077
0.169713
0.154576
0.12434
0.124735
0.179575
0.159024
0.194037
0.197182
0.172323
0.204995
0.148707
0.137713
0.152875
0.139408
0.215745
0.170539
0.197933
0.173236
0.181093
0.150997
0.201749
0.222654
0.178693
0.193481
0.188528
0.15912
0.105018
0.185659
0.106122
0.169385
0.182805
0.155183
0.185899
0.138702
0.167315
0.139808
0.158307
0.111171
0.198917
0.166154
0.147334
0.226072
0.141239
0.198884
0.142636
0.161355
0.163019
0.172132
0.161846
0.20041
0.194667
0.132779
0.147984
0.173426
0.152937
0.180254
0.201218
0.184683
0.188272
0.161059
0.211453
0.172105
0.153626
0.177023
0.157065
0.140697
0.236283
0.118463
0.13351
0.144453
0.22033
0.136207
0.157888
0.21255
0.145339
0.137026
0.159914
0.18126
0.159953
0.146281
0.224582
0.133741
0.125278
0.173965
0.168938
0.163683
0.155949
0.19002
0.158193
0.182713
0.175734
0.161359
0.237742
0.13957
0.170595
0.222744
0.140187
0.186074
0.17868
0.215791
0.15509
0.146071
0.216737
0.150917
0.158613
0.246378
0.139752
0.171715
0.151523
0.100214
0.169801
0.240658
0.158319
0.153222
0.213978
0.194899
0.132139
0.169833
0.195447
0.19619
0.185755
0.159574
0.128801
0.201207
0.153192
0.167461
0.0879476
0.151949
0.212212
0.157528
0.163339
0.170018
0.185853
0.169866
0.147399
0.183648
0.189034
0.18695
0.157303
0.249028
0.122027
0.235468
0.818534
0.167855
0.176957
0.193746
0.155575
0.197779
0.141965
0.242107
0.149515
0.1746
0.192243
0.199181
0.18468
0.185394
0.153752
0.157997
0.152864
0.161749
0.145121
0.158558
0.152193
0.147802
0.145613
0.202304
0.185322
0.189037
0.154492
0.199489
0.12991
0.190523
0.197428
0.147438
0.150835
0.198147
0.17165
0.162671
0.161122
0.183317
0.139644
0.189954
0.162888
0.145033
0.187367
0.168156
0.163828
0.164056
0.121576
0.228849
0.196339
0.122454
0.174351
0.136388
0.20692
0.187669
0.181381
0.137261
0.114268
0.163861
0.147882
0.134739
0.192432
0.187541
0.143305
0.169031
0.17425
0.192017
0.165722
0.160021
0.155259
0.219477
0.194988
0.166481
0.155549
0.140989
0.178818
0.178825
0.137944
0.144965
0.198932
0.155571
0.210515
0.172602
0.217959
0.179253
0.227582
0.197259
0.176198
0.202375
0.138735
0.135619
0.196342
0.178658
0.204945
0.195144
0.154678
0.131698
0.143395
0.157339
0.219665
0.145746
0.126294
0.162513
0.201862
0.113242
0.195087
0.17805
0.158709
0.185993
0.117553
0.172069
0.167604
0.14031
0.154498
0.141115
0.178638
0.207107
0.137758
0.180475
0.210318
0.200493
0.124051
0.131238
0.182557
0.206378
0.146251
0.140363
0.105868
0.174463
0.200906
0.148804
0.177109
0.185605
0.158358
0.176441
0.183668
0.128847
0.220785
0.116692
0.138155
0.11734
0.156647
0.125759
0.182244
0.199442
0.202164
0.206731
0.173543
0.159816
0.121481
0.204224
0.137008
0.151823
0.164561
0.133922
0.157619
0.152285
0.218559
0.172444
0.141788
0.18555
0.223495
0.226183
0.127581
0.160306
0.161265
0.186242
0.209979
0.157997
0.123158
0.157648
0.154663
0.155794
0.154693
0.188275
0.172905
0.182856
0.187016
0.182926
0.165464
0.202747
0.189732
0.133387
0.175255
0.18246
0.157722
0.145514
0.169197
0.1305
0.202821
0.205404
0.140092
0.18578
0.159201
0.167656
0.22106
0.168678
0.173956
0.210785
0.148836
0.168764
0.219746
0.13997
0.170556
0.13129
0.167897
0.156153
0.140873
0.171014
0.207265
0.135744
0.147052
0.200909
0.165302
0.189391
0.159238
0.145756
0.145684
0.201794
0.170418
0.138774
0.109481
0.103753
0.162122
0.11835
0.137557
0.229748
0.169416
0.117648
0.194182
0.157969
0.198735
0.19767
0.151326
0.166708
0.171338
0.168813
0.156562
0.150513
0.150645
0.120369
0.154272
0.155215
0.130153
0.173238
0.177024
0.128933
0.198265
0.168741
0.177943
0.159419
0.158642
0.175746
0.223964
0.1681
0.14168
0.215746
0.136872
0.187856
0.226877
0.212041
0.191602
0.147068
0.146707
0.204871
0.156328
0.208899
0.153447
0.123153
0.190341
0.10542
0.141714
0.170578
0.186605
0.132827
0.159598
0.125918
0.192836
0.225697
0.163361
0.135716
0.160986
0.159104
0.207481
0.139598
0.129963
0.115135
0.156494
0.129775
0.117113
0.201266
0.237711
0.149659
0.179494
0.182407
0.165039
0.190388
0.176982
0.124372
0.17194
0.170681
0.121042
0.171668
0.168881
0.128136
0.143555
0.173224
0.220238
0.161136
0.21725
0.170632
0.148219
0.161111
0.167581
0.143645
0.187943
0.154924
0.143505
0.149198
0.193435
0.149664
0.164114
0.171491
0.121333
0.180202
0.143709
0.130733
0.139496
0.159047
0.137094
0.180386
0.167129
0.13884
0.174518
0.18422
0.141222
0.182263
0.144827
0.168177
0.22618
0.184127
0.19959
0.161886
0.20812
0.15635
0.224998
0.178849
0.195627
0.11258
0.158074
0.188862
0.20325
0.170622
0.20735
0.220935
0.193641
0.171208
0.184605
0.155758
0.124497
0.168841
0.130683
0.169345
0.113244
0.156996
0.156245
0.169506
0.152654
0.159673
0.14331
0.181359
0.196225
0.132262
0.152417
0.178636
0.161127
0.141835
0.181355
0.180553
0.0946939
0.127179
0.206798
0.155986
0.18902
0.161847
0.160966
0.143667
0.171129
0.119915
0.176117
0.140821
0.160198
0.150997
0.139395
0.109271
0.186955
0.133823
0.190758
0.138178
0.154538
0.18695
0.153909
0.220966
0.165038
0.15421
0.171306
0.166856
0.200191
0.187041
0.181126
0.144084
0.156506
0.159293
0.170054
0.18177
0.19496
0.166526
0.181808
0.198783
0.154011
0.148604
0.247635
0.164708
0.170613
0.195195
0.237538
0.158028
0.111239
0.163309
0.17183
0.138574
0.190266
0.159621
0.157233
0.172285
0.203015
0.215386
0.15105
0.189218
0.117265
0.178076
0.170047
0.14153
0.16371
0.176459
0.164664
0.172209
0.145369
0.181215
0.192874
0.176575
0.168059
0.152128
0.12387
0.151244
0.171034
0.186426
0.154489
0.162234
0.170301
0.152125
0.124701
0.125142
0.180676
0.159424
0.194571
0.196959
0.171697
0.201853
0.147047
0.136233
0.152505
0.141224
0.214265
0.169538
0.198956
0.17308
0.181829
0.151059
0.202194
0.130766
0.17722
0.183021
0.188772
0.155775
0.108492
0.185827
0.105383
0.169927
0.183109
0.155185
0.183966
0.141321
0.166002
0.140151
0.155848
0.11302
0.198383
0.165027
0.149527
0.225808
0.142047
0.195529
0.143741
0.161348
0.16287
0.175282
0.153345
0.199047
0.194104
0.131985
0.148273
0.173724
0.15211
0.182028
0.201337
0.184632
0.185789
0.158865
0.277874
0.170509
0.152302
0.180853
0.167455
0.1398
0.239187
0.115555
0.133635
0.147451
0.221717
0.14018
0.1603
0.21194
0.14897
0.131389
0.163635
0.179324
0.159425
0.145579
0.223881
0.128459
0.126299
0.172653
0.170315
0.164634
0.15157
0.183356
0.157774
0.182216
0.176234
0.158407
0.240111
0.138963
0.16668
0.221719
0.139415
0.185348
0.181318
0.216428
0.155572
0.146372
0.21576
0.151107
0.154388
0.245249
0.140376
0.171168
0.151908
0.10025
0.168735
0.240924
0.157066
0.152099
0.212359
0.194072
0.132726
0.170248
0.193665
0.199605
0.185939
0.158329
0.12849
0.199122
0.153976
0.167222
0.0892169
0.151947
0.210629
0.153596
0.162958
0.168543
0.185391
0.167452
0.146841
0.1846
0.188129
0.182423
0.156612
0.248989
0.122068
0.231958
0.158414
0.11466
0.175075
0.195492
0.15518
0.207141
0.144235
0.242529
0.149299
0.172077
0.19274
0.19787
0.185206
0.180536
0.160531
0.160565
0.151403
0.161829
0.141642
0.162478
0.152665
0.151279
0.145007
0.201487
0.1863
0.189899
0.15294
0.198456
0.131136
0.190508
0.196795
0.146335
0.152862
0.200952
0.169998
0.16505
0.163061
0.185067
0.139723
0.189482
0.164629
0.145771
0.186146
0.170629
0.159785
0.243974
0.127889
0.232333
0.195103
0.122203
0.173253
0.137447
0.208575
0.16577
0.18128
0.137961
0.112659
0.162297
0.147917
0.134662
0.19173
0.186262
0.142031
0.166023
0.175443
0.189791
0.167196
0.159789
0.156082
0.221133
0.192672
0.166329
0.152759
0.139505
0.179993
0.178605
0.141058
0.142676
0.200117
0.155689
0.209826
0.173559
0.217429
0.179249
0.228229
0.19824
0.171125
0.200728
0.138414
0.135797
0.194978
0.175992
0.206401
0.195058
0.155466
0.130776
0.143945
0.15798
0.22034
0.131622
0.114917
0.1606
0.202528
0.112796
0.194633
0.177474
0.159944
0.183693
0.112907
0.171844
0.184177
0.14088
0.153951
0.140071
0.179417
0.205513
0.136716
0.18011
0.216309
0.196966
0.122246
0.131878
0.184646
0.204676
0.169601
0.139097
0.106408
0.173643
0.196792
0.148919
0.176802
0.18457
0.156513
0.175789
0.18329
0.127224
0.215169
0.116822
0.13686
0.117641
0.155288
0.130435
0.182769
0.196743
0.201843
0.193643
0.174884
0.161618
0.118073
0.205339
0.137388
0.150961
0.165121
0.133629
0.155471
0.154107
0.217415
0.170325
0.140589
0.185314
0.222786
0.226989
0.127801
0.159816
0.160811
0.186814
0.209327
0.156945
0.123859
0.157116
0.153097
0.158348
0.15231
0.187162
0.166858
0.178444
0.192764
0.181206
0.165581
0.20277
0.191035
0.132332
0.176244
0.18358
0.156904
0.144455
0.169427
0.131257
0.201095
0.204247
0.139083
0.185567
0.160665
0.167352
0.220936
0.169457
0.173963
0.211469
0.149184
0.168856
0.219875
0.140282
0.171781
0.127456
0.168221
0.154701
0.141044
0.171733
0.206932
0.133615
0.145148
0.200166
0.165297
0.184932
0.157124
0.146356
0.145153
0.202408
0.16949
0.139831
0.10924
0.103799
0.161893
0.117025
0.139012
0.228625
0.170005
0.118267
0.194466
0.157056
0.196771
0.197575
0.152118
0.167207
0.172397
0.168425
0.155595
0.150681
0.150336
0.119903
0.156025
0.154628
0.129336
0.173128
0.176354
0.128532
0.196002
0.169295
0.175981
0.158008
0.159653
0.178434
0.220225
0.169138
0.152696
0.184326
0.144549
0.162455
0.217623
0.214304
0.196481
0.147434
0.149559
0.201651
0.155507
0.208491
0.150613
0.120475
0.18762
0.104564
0.141573
0.170845
0.18483
0.134575
0.162221
0.12487
0.199568
0.22782
0.164314
0.133253
0.162211
0.157256
0.206092
0.135653
0.130552
0.115014
0.15658
0.129518
0.11627
0.20219
0.142447
0.152039
0.183714
0.184818
0.162782
0.19184
0.17743
0.124194
0.171504
0.173129
0.12115
0.174295
0.170298
0.128531
0.142929
0.175435
0.219546
0.163348
0.216871
0.169588
0.148975
0.162139
0.164743
0.140812
0.188253
0.155304
0.143443
0.149373
0.192299
0.149183
0.161627
0.167595
0.120995
0.177639
0.143631
0.132114
0.139873
0.159041
0.140127
0.180214
0.165972
0.140176
0.175553
0.183154
0.137352
0.177019
0.137111
0.365429
0.306364
0.190163
0.21106
0.149728
0.208021
0.157808
0.214181
0.17515
0.195571
0.114716
0.154005
0.189227
0.202853
0.170719
0.210249
0.220917
0.171636
0.16545
0.184259
0.160365
0.126731
0.171062
0.132088
0.168557
0.114513
0.152965
0.159473
0.169664
0.150599
0.156167
0.14146
0.180563
0.193066
0.13035
0.149406
0.176681
0.157147
0.143114
0.1795
0.179616
0.0972342
0.127522
0.203709
0.159017
0.192081
0.164326
0.157207
0.142907
0.167169
0.115778
0.173342
0.138112
0.15602
0.149372
0.136916
0.109224
0.188057
0.132571
0.197642
0.13762
0.15733
0.189662
0.159149
0.21603
0.165301
0.155966
0.171213
0.16552
0.197701
0.184221
0.181942
0.145148
0.158287
0.158629
0.169217
0.181932
0.19722
0.165327
0.180004
0.19903
0.153715
0.151668
0.242216
0.166057
0.168132
0.194109
0.236899
0.159018
0.109256
0.162647
0.1686
0.225965
0.340183
0.156831
0.155537
0.173901
0.203781
0.215318
0.154129
0.189273
0.116311
0.179063
0.172618
0.139088
0.168076
0.174554
0.163448
0.173345
0.146536
0.177544
0.192567
0.175507
0.168785
0.150973
0.124974
0.151636
0.165245
0.185353
0.15469
0.158974
0.171778
0.154355
0.12509
0.121152
0.182236
0.160155
0.192642
0.198513
0.173721
0.193413
0.146708
0.135207
0.150322
0.137954
0.215277
0.169318
0.199624
0.173385
0.182576
0.149001
0.200745
0.129821
0.175319
0.183017
0.188857
0.158754
0.107015
0.18506
0.106252
0.168987
0.181261
0.155567
0.18508
0.139679
0.165364
0.139579
0.157697
0.112086
0.198768
0.163926
0.147442
0.224186
0.139701
0.197075
0.141365
0.162174
0.163047
0.177251
0.148637
0.200006
0.19372
0.132728
0.147872
0.17358
0.153012
0.18012
0.200278
0.184003
0.187237
0.158182
0.207218
0.171742
0.155538
0.1776
0.158218
0.139737
0.239249
0.11619
0.13425
0.145148
0.223139
0.138188
0.159956
0.211477
0.145639
0.134753
0.161982
0.178886
0.159919
0.14444
0.222482
0.132175
0.123218
0.174641
0.167583
0.342321
0.193358
0.177764
0.178787
0.205368
0.173055
0.165657
0.228267
0.152086
0.166957
0.234044
0.142305
0.192999
0.180393
0.2192
0.154898
0.139907
0.23857
0.153405
0.151163
0.249575
0.140089
0.168739
0.152572
0.102148
0.167922
0.240744
0.153983
0.15059
0.215882
0.196936
0.129461
0.170754
0.192829
0.19781
0.188833
0.161831
0.12815
0.198286
0.14634
0.167172
0.0892158
0.151994
0.202192
0.15007
0.163782
0.167339
0.185204
0.166165
0.147753
0.184429
0.190802
0.179658
0.154969
0.247689
0.123729
0.23529
0.158257
0.11663
0.175222
0.193863
0.153786
0.203251
0.142758
0.242762
0.150183
0.173545
0.191473
0.198552
0.18456
0.181938
0.15894
0.159151
0.151296
0.160778
0.142464
0.160618
0.151577
0.148806
0.142595
0.206438
0.185146
0.190416
0.154299
0.196566
0.12891
0.188592
0.197011
0.145885
0.151638
0.19897
0.169101
0.163254
0.164689
0.183179
0.142114
0.185752
0.164402
0.146605
0.184886
0.182583
0.16181
0.160889
0.120412
0.22576
0.195406
0.122074
0.172019
0.136648
0.209508
0.168432
0.18254
0.137709
0.112083
0.161906
0.14853
0.136974
0.187826
0.181617
0.142121
0.166867
0.174311
0.189277
0.171381
0.154725
0.156575
0.222071
0.193402
0.167173
0.154535
0.139792
0.181212
0.178782
0.13949
0.143957
0.201314
0.155601
0.209155
0.173668
0.215718
0.179177
0.229544
0.199456
0.173381
0.199542
0.139005
0.136132
0.192935
0.175907
0.20708
0.195374
0.154838
0.130287
0.143813
0.157378
0.21991
0.132641
0.115683
0.160645
0.201745
0.113293
0.195127
0.178526
0.160254
0.184025
0.113339
0.169864
0.187507
0.140869
0.154113
0.140503
0.178015
0.206118
0.138413
0.181299
0.211295
0.196893
0.122249
0.130874
0.184692
0.204568
0.145953
0.141333
0.106004
0.1742
0.19699
0.151285
0.176416
0.185122
0.15711
0.175631
0.18264
0.127448
0.212775
0.118262
0.137371
0.11814
0.154481
0.128775
0.183678
0.19703
0.202921
0.192734
0.174233
0.161846
0.119387
0.205266
0.136955
0.15098
0.163786
0.133394
0.156193
0.153108
0.217638
0.166655
0.166947
0.190146
0.224064
0.227123
0.127306
0.158054
0.161204
0.188215
0.208717
0.157393
0.123917
0.158968
0.153729
0.156801
0.155988
0.185552
0.168305
0.176114
0.182645
0.181797
0.165417
0.199755
0.190955
0.130887
0.174602
0.180963
0.155208
0.143685
0.170992
0.13116
0.19927
0.204085
0.136692
0.185054
0.159793
0.167038
0.352591
0.171081
0.173842
0.209808
0.152457
0.167312
0.219136
0.136987
0.175939
0.122044
0.170287
0.154197
0.141605
0.172984
0.208021
0.132511
0.144138
0.202184
0.167758
0.186235
0.15446
0.143306
0.1448
0.201984
0.171812
0.142283
0.106967
0.108851
0.16507
0.116763
0.134694
0.230676
0.166206
0.11806
0.195893
0.156229
0.193895
0.198862
0.151248
0.167957
0.167135
0.170672
0.156296
0.148584
0.14821
0.119968
0.156912
0.158258
0.128482
0.176887
0.173098
0.133035
0.190574
0.168086
0.176574
0.160965
0.157512
0.180054
0.219157
0.168389
0.143834
0.181481
0.149381
0.163092
0.217567
0.211256
0.196513
0.147609
0.147314
0.202039
0.153992
0.21072
0.149692
0.121108
0.188409
0.104707
0.142159
0.169205
0.184336
0.133715
0.16281
0.124816
0.192424
0.22811
0.163721
0.134746
0.16032
0.156937
0.2056
0.137483
0.129731
0.114589
0.15319
0.215045
0.222731
0.24121
0.17555
0.161149
0.184205
0.193375
0.163377
0.187838
0.180528
0.140545
0.172376
0.176884
0.126996
0.165222
0.169217
0.125204
0.136969
0.179179
0.222827
0.157659
0.215718
0.164338
0.151086
0.159552
0.166284
0.141576
0.190456
0.158729
0.145323
0.149623
0.19257
0.147676
0.161911
0.166811
0.12376
0.178173
0.140182
0.127768
0.140293
0.159448
0.137126
0.175819
0.165402
0.141905
0.178444
0.186546
0.138632
0.179433
0.148984
0.156953
0.215428
0.185256
0.201259
0.15319
0.202827
0.157111
0.221617
0.179369
0.19563
0.115485
0.154172
0.189412
0.202353
0.172618
0.210719
0.216785
0.171179
0.166624
0.183626
0.155319
0.124692
0.168671
0.132092
0.16795
0.113699
0.161492
0.157454
0.168191
0.152632
0.159644
0.142537
0.177684
0.194264
0.133126
0.178299
0.177332
0.161176
0.140862
0.181378
0.178165
0.0981323
0.127797
0.205429
0.155891
0.191222
0.163134
0.158004
0.143056
0.171272
0.1195
0.176327
0.13929
0.161397
0.152826
0.135324
0.110212
0.184356
0.136467
0.191181
0.136876
0.156199
0.187649
0.155088
0.216147
0.165956
0.153365
0.17129
0.164698
0.195377
0.184455
0.182754
0.143581
0.157633
0.15843
0.170512
0.181423
0.195692
0.163624
0.182268
0.198112
0.154642
0.150607
0.240769
0.166011
0.167606
0.193477
0.404364
0.207732
0.102623
0.168788
0.165938
0.137269
0.189061
0.155323
0.157934
0.173567
0.204327
0.214815
0.15242
0.186207
0.115422
0.178842
0.17305
0.142535
0.164276
0.175829
0.164665
0.173278
0.147173
0.175073
0.193032
0.173625
0.170258
0.153398
0.124957
0.153278
0.166203
0.184512
0.152429
0.160022
0.170688
0.155567
0.125072
0.121501
0.181297
0.161179
0.192207
0.198355
0.173913
0.188695
0.145671
0.13446
0.152101
0.137851
0.214644
0.169284
0.197761
0.17267
0.181161
0.150215
0.202398
0.129586
0.176391
0.182038
0.188573
0.15826
0.106826
0.185767
0.106028
0.168543
0.179079
0.155558
0.185114
0.139851
0.164858
0.139416
0.156176
0.112008
0.199315
0.162959
0.148153
0.224604
0.140846
0.195359
0.141742
0.164135
0.164217
0.172896
0.156074
0.196119
0.19598
0.129813
0.148141
0.172181
0.15252
0.181955
0.199262
0.183839
0.187134
0.157349
0.208735
0.16874
0.157779
0.176411
0.159794
0.140704
0.239011
0.11524
0.13343
0.144995
0.224733
0.139217
0.160685
0.210984
0.146451
0.13447
0.162261
0.178329
0.159475
0.144013
0.221366
0.131224
0.122554
0.172778
0.257464
0.170409
0.147803
0.186819
0.157641
0.180832
0.176095
0.157619
0.236068
0.140295
0.166644
0.22079
0.140054
0.184995
0.179079
0.21462
0.159693
0.146011
0.213232
0.152947
0.151567
0.2464
0.137495
0.169431
0.152034
0.0994806
0.169565
0.237869
0.154442
0.150808
0.214636
0.192033
0.131905
0.221402
0.193711
0.200121
0.189097
0.160793
0.129079
0.196971
0.145835
0.168141
0.0889654
0.150993
0.200324
0.151451
0.163598
0.16796
0.18441
0.164342
0.147954
0.186079
0.188866
0.178382
0.153873
0.24695
0.124441
0.235878
0.15929
0.114947
0.176184
0.195629
0.154671
0.201442
0.142625
0.24259
0.150254
0.171703
0.191589
0.197382
0.183891
0.181683
0.158039
0.158998
0.150806
0.161732
0.142679
0.160991
0.152522
0.150604
0.145918
0.201987
0.18541
0.190582
0.155256
0.197732
0.128382
0.188361
0.196868
0.14705
0.151417
0.200254
0.16906
0.164128
0.163702
0.182342
0.141056
0.185839
0.163751
0.14517
0.18584
0.190034
0.161732
0.159535
0.12091
0.225899
0.195006
0.12182
0.17311
0.1379
0.208189
0.168126
0.181165
0.137133
0.111086
0.16028
0.148299
0.13579
0.188655
0.180919
0.143833
0.165911
0.175367
0.189015
0.171051
0.155693
0.155836
0.224455
0.192481
0.168081
0.154247
0.140101
0.179956
0.179531
0.139425
0.142652
0.199101
0.154916
0.209505
0.17412
0.216429
0.176343
0.228571
0.209857
0.170966
0.197673
0.137207
0.136784
0.19276
0.175075
0.208665
0.195394
0.154312
0.130557
0.143022
0.156802
0.220315
0.134014
0.113719
0.16102
0.201758
0.112921
0.194864
0.178318
0.161121
0.182782
0.112284
0.169269
0.182442
0.13994
0.154477
0.140104
0.177013
0.204991
0.138644
0.18206
0.208407
0.197948
0.120345
0.129444
0.18548
0.203933
0.146381
0.14171
0.106281
0.173333
0.197622
0.150223
0.176287
0.183354
0.156392
0.175559
0.182791
0.126733
0.211537
0.118426
0.136775
0.119232
0.1541
0.130022
0.182665
0.196329
0.202404
0.193384
0.175268
0.161247
0.119429
0.2064
0.136956
0.15086
0.165189
0.133036
0.155927
0.153182
0.218524
0.169332
0.139958
0.186023
0.224165
0.226419
0.126918
0.159964
0.160023
0.187978
0.209246
0.156896
0.12185
0.157811
0.152074
0.154968
0.148601
0.187755
0.166752
0.266194
0.186848
0.182303
0.165582
0.200973
0.187398
0.135928
0.171927
0.182141
0.15329
0.14378
0.170003
0.133221
0.198811
0.204823
0.140762
0.186996
0.156656
0.165242
0.221835
0.167054
0.174789
0.206668
0.146974
0.167027
0.220132
0.141413
0.17419
0.122365
0.16904
0.15485
0.139553
0.17455
0.207277
0.133219
0.141262
0.20088
0.166207
0.183226
0.154558
0.145455
0.145423
0.201796
0.171395
0.140801
0.106065
0.106565
0.161137
0.117165
0.138092
0.230448
0.166364
0.118311
0.196106
0.154537
0.194199
0.198041
0.152065
0.169219
0.165742
0.166687
0.154826
0.150671
0.148528
0.120827
0.157245
0.154382
0.127935
0.176308
0.173996
0.132621
0.190858
0.168221
0.174969
0.160158
0.156522
0.180159
0.218932
0.169252
0.141372
0.180908
1.28708
0.16573
0.194545
0.223783
0.203964
0.135284
0.141013
0.201417
0.1547
0.208601
0.168111
0.119905
0.184421
0.10399
0.146705
0.164598
0.183801
0.133762
0.164123
0.124344
0.198322
0.218893
0.15909
0.137002
0.160199
0.154685
0.203445
0.13316
0.132249
0.119216
0.158226
0.127447
0.11694
0.210502
0.140908
0.149629
0.182725
0.183637
0.162963
0.191611
0.174204
0.122561
0.175035
0.172115
0.117307
0.171478
0.169148
0.130552
0.136829
0.165833
0.219307
0.18158
0.20894
0.298614
0.146651
0.217115
0.449158
0.74057
1.66183
0.319824
1.25501
1.61878
0.407577
0.356351
0.258952
0.275819
0.23929
0.26417
0.319113
1.36887
0.445795
0.293219
0.758785
0.298119
0.202925
0.180022
0.200242
0.211908
0.21536
0.64694
0.387799
0.479646
0.197983
0.206024
0.223732
0.196139
0.258266
0.184314
0.22536
0.196507
0.205665
0.12226
0.180245
0.203266
0.202245
0.185426
0.220048
0.206807
0.185978
0.168586
0.186464
0.164835
0.1238
0.164419
0.125294
0.161923
0.108034
0.181901
0.234138
0.164839
0.158363
0.158477
0.143944
0.184231
0.194833
0.13381
0.154679
0.177038
0.162886
0.143793
0.186032
0.181985
0.09686
0.135724
0.205306
0.174541
0.188703
0.174439
0.165856
0.143951
0.176591
0.117744
0.172916
0.145396
0.16489
0.150257
0.143359
0.122283
0.19369
0.148423
0.194238
0.1429
0.164004
0.188363
0.159642
0.215105
0.1693
0.156499
0.173429
0.16272
0.203119
0.194409
0.190789
0.144818
0.179551
0.173939
0.170869
0.185788
0.192798
0.181159
0.185505
0.195295
0.16149
0.16486
0.252818
0.166091
0.165697
0.190335
0.239004
0.157651
0.108599
0.173481
0.172621
0.134748
0.19065
0.169895
0.162614
0.169521
0.209851
0.21666
0.153603
0.192449
0.113901
0.182477
0.183265
0.148405
0.167395
0.177293
0.165007
0.171309
0.148853
0.173925
0.1924
0.178556
0.169977
0.152136
0.126194
0.150306
0.159382
0.18451
0.153505
0.169639
0.166736
0.152456
0.123854
0.134869
0.190345
0.167624
0.195153
0.197818
0.188856
0.216988
0.151026
0.140647
0.147911
0.143438
0.212161
0.171892
0.1938
0.171164
0.177454
0.159288
0.210697
0.134914
0.175219
0.180928
0.196593
0.160229
0.10564
0.184631
0.104608
0.16656
0.175345
0.146602
0.179877
0.139411
0.160206
0.173023
0.153282
0.114863
0.200433
0.175568
0.157512
0.230754
0.143644
0.192901
0.156392
0.156859
0.159452
0.171728
0.136851
0.196172
0.22063
0.126008
0.144897
0.159462
0.167516
0.183213
0.205425
0.19275
0.190726
0.160054
0.228126
0.174034
0.153973
0.178477
0.1624
0.139843
0.236286
0.11173
0.138843
0.146505
0.227798
0.139539
0.163963
0.209286
0.143993
0.137054
0.162366
0.180801
0.167987
0.140103
0.233962
0.132538
0.124698
0.174612
0.167881
0.170158
0.153229
0.18022
0.157026
0.18129
0.174841
0.162835
0.235367
0.137947
0.173001
0.22307
0.145413
0.185378
0.176984
0.21583
0.156822
0.146577
0.214041
0.156219
0.153459
0.245833
0.141472
0.171692
0.152599
0.103047
0.168003
0.238024
0.157205
0.151691
0.214115
0.195263
0.130859
0.16997
0.192592
0.199238
0.18516
0.156407
0.128659
0.209291
0.159934
0.170596
0.0889068
0.151773
0.201157
0.152265
0.162763
0.169151
0.184627
0.166563
0.148088
0.182449
0.187738
0.180522
0.155403
0.242233
0.123221
0.238185
0.158045
0.114623
0.177392
0.196412
0.152338
0.20743
0.143026
0.241656
0.150535
0.174362
0.192121
0.197194
0.184718
0.178949
0.15883
0.159567
0.150087
0.161683
0.140903
0.162308
0.152568
0.147676
0.142959
0.228636
0.181354
0.198522
0.153003
0.205449
0.125545
0.183982
0.225666
0.1531
0.146058
0.189953
0.165414
0.205953
0.159731
0.181773
0.15811
0.190252
0.173852
0.14433
0.174632
0.166712
0.169153
0.158055
0.122175
0.229106
0.208136
0.129295
0.171908
0.141404
0.206703
0.167434
0.181149
0.145206
0.1268
0.163196
0.144068
0.13703
0.186386
0.187504
0.152776
0.163142
0.178248
0.203305
0.172709
0.133234
0.158223
0.222928
0.197884
0.168765
0.149763
0.14394
0.180873
0.179316
0.131996
0.167251
0.204367
0.1596
0.210518
0.174267
0.222603
0.177911
0.23192
0.192698
0.161228
0.201499
0.148289
0.145267
0.207724
0.181319
0.213295
0.194423
0.157904
0.127883
0.147998
0.157664
0.225845
0.134953
0.113644
0.164011
0.210728
0.117461
0.195703
0.180664
0.158903
0.185484
0.117108
0.168855
0.172514
0.14698
0.153446
0.140991
0.177717
0.20794
0.139985
0.185814
0.209331
0.202733
0.128866
0.131117
0.179858
0.214003
0.151623
0.134883
0.107358
0.174654
0.199917
0.150176
0.17645
0.182674
0.15886
0.17429
0.184102
0.126127
0.218605
0.117906
0.135769
0.119385
0.154041
0.128153
0.181728
0.198325
0.203113
0.193382
0.177046
0.160088
0.12041
0.202006
0.138311
0.15117
0.162161
0.131959
0.155836
0.152535
0.217806
0.168708
0.140228
0.184507
0.223896
0.225841
0.127434
0.15984
0.158969
0.188177
0.209583
0.155622
0.121126
0.157646
0.169589
0.164424
0.151274
0.186985
0.16548
0.176708
0.182517
0.181057
0.167311
0.201911
0.190479
0.136145
0.175088
0.183123
0.152564
0.143232
0.170038
0.131396
0.199582
0.20299
0.137637
0.184292
0.152299
0.179895
0.221592
0.166609
0.176243
0.206786
0.147757
0.168633
0.219352
0.139136
0.172356
0.124704
0.169668
0.153268
0.142575
0.172158
0.206304
0.131785
0.143631
0.201531
0.165605
0.185096
0.156314
0.145277
0.144037
0.201466
0.17135
0.139743
0.107302
0.105312
0.158315
0.124985
0.139232
0.227341
0.167051
0.118519
0.193447
0.154592
0.194538
0.197338
0.154718
0.16791
0.168961
0.169401
0.154924
0.148425
0.146734
0.117063
0.156822
0.148823
0.265015
0.194988
0.174165
0.137102
0.188756
0.168501
0.173012
0.155167
0.153397
0.195667
0.211697
0.173878
0.141658
0.184414
0.149462
0.162489
0.207446
0.20978
0.200816
0.143391
0.150564
0.202869
0.15282
0.209878
0.152391
0.123095
0.192453
0.1036
0.139078
0.170392
0.185559
0.133148
0.160065
0.126431
0.201363
0.224549
0.158073
0.143741
0.165784
0.152151
0.202579
0.131014
0.156119
0.109763
0.170535
0.130037
0.12246
0.207859
0.165799
0.148607
0.179736
0.174507
0.152808
0.233534
0.177847
0.112866
0.17513
0.180197
0.124645
0.175371
0.171965
0.12808
0.144046
0.188682
0.234447
0.170784
0.215203
0.176645
0.151887
0.153868
0.174705
0.149603
0.19077
0.153337
0.136134
0.156301
0.191883
0.154834
0.15848
0.159437
0.133159
0.183706
0.147036
0.12864
0.142861
0.166907
0.133183
0.171858
0.168799
0.139979
0.170096
0.180649
0.156241
0.189466
0.150398
0.154994
0.209734
0.200249
0.211934
0.154944
0.201208
0.16025
0.228909
0.174093
0.199277
0.127121
0.151439
0.192143
0.199241
0.169884
0.220626
0.214816
0.172028
0.167097
0.183545
0.157915
0.125087
0.168463
0.140616
0.174557
0.120404
0.167303
0.162515
0.169521
0.15575
0.166261
0.145729
0.177902
0.193162
0.142651
0.149204
0.180737
0.158004
0.145011
0.190867
0.193249
0.101166
0.127373
0.208696
0.152534
0.195461
0.169877
0.156145
0.146984
0.168736
0.122938
0.17122
0.136302
0.164632
0.154234
0.136017
0.111483
0.195759
0.141666
0.186501
0.14006
0.159168
0.187889
0.145895
0.223375
0.162801
0.157836
0.169704
0.170321
0.200267
0.189209
0.184996
0.141926
0.157743
0.161746
0.172646
0.182592
0.204493
0.169399
0.18111
0.199478
0.154481
0.143733
0.24517
0.163502
0.161018
0.197315
0.236398
0.154933
0.106336
0.163027
0.181324
0.136542
0.196983
0.169648
0.155894
0.175482
0.200289
0.221523
0.149241
0.195338
0.115186
0.18044
0.171424
0.141675
0.169605
0.17358
0.162068
0.17752
0.153819
0.174875
0.193466
0.177179
0.166304
0.151826
0.127197
0.153249
0.167756
0.185948
0.154637
0.159051
0.172351
0.155035
0.125873
0.123528
0.181974
0.162607
0.191826
0.198887
0.175926
0.193622
0.145477
0.130678
0.147693
0.139837
0.213425
0.165618
0.197178
0.185941
0.192193
0.148655
0.200018
0.135846
0.17306
0.188602
0.191542
0.165568
0.107759
0.183148
0.105695
0.170758
0.184032
0.15618
0.186869
0.140017
0.167108
0.13889
0.156187
0.114402
0.202941
0.157771
0.161054
0.219853
0.145746
0.19919
0.136777
0.165856
0.173262
0.172712
0.163335
0.201341
0.203049
0.136929
0.153312
0.17072
0.15655
0.181285
0.199882
0.183196
0.186337
0.170584
0.209214
0.170417
0.158012
0.177714
0.163898
0.141033
0.237778
0.11842
0.136916
0.140777
0.235584
0.141764
0.166181
0.210702
0.148536
0.133749
0.167402
0.174627
0.163508
0.143105
0.253129
0.130674
0.125198
0.174452
0.180337
0.187767
0.143523
0.1867
0.160206
0.177631
0.16499
0.168305
0.230709
0.136954
0.177301
0.224519
0.150528
0.186023
0.181986
0.2163
0.15556
0.147914
0.210024
0.153795
0.160081
0.263817
0.143586
0.171515
0.151392
0.112785
0.168435
0.240165
0.154464
0.154354
0.215357
0.21769
0.128477
0.173955
0.203729
0.205164
0.197622
0.170727
0.143472
0.192073
0.145465
0.173116
0.0933954
0.146712
0.211594
0.207277
0.162273
0.171028
0.182189
0.164543
0.159018
0.19197
0.199592
0.202824
0.154699
0.249771
0.126803
0.233836
0.161856
0.114377
0.181346
0.190821
0.137046
0.23119
0.148867
0.24158
0.158312
0.169158
0.192695
0.197363
0.18678
0.180203
0.161698
0.16545
0.154618
0.162494
0.141667
0.158796
0.15553
0.148939
0.147564
0.199563
0.188096
0.189865
0.157234
0.196559
0.129005
0.190994
0.196151
0.147301
0.152941
0.197902
0.170483
0.164851
0.16169
0.182142
0.1396
0.187815
0.16368
0.145258
0.192477
0.168223
0.170435
0.161554
0.12286
0.240163
0.206993
0.121357
0.172662
0.138875
0.215515
0.171407
0.1846
0.138767
0.115121
0.163812
0.144361
0.136393
0.201743
0.187261
0.146176
0.166672
0.217517
0.201929
0.174118
0.139965
0.150443
0.228853
0.196681
0.168116
0.15418
0.149733
0.180405
0.176819
0.141335
0.143948
0.196345
0.176034
0.212134
0.174876
0.217254
0.180079
0.241845
0.200715
0.157093
0.20513
0.162133
0.140422
0.192608
0.165131
0.204782
0.195035
0.158195
0.127921
0.148112
0.158265
0.21885
0.135033
0.109668
0.155357
0.20829
0.110108
0.196089
0.180066
0.155396
0.194593
0.119225
0.172722
0.168325
0.148624
0.157797
0.145334
0.177103
0.208535
0.142623
0.185898
0.205518
0.20265
0.123141
0.130654
0.181971
0.209845
0.153494
0.13721
0.107734
0.179482
0.20308
0.150823
0.175273
0.181847
0.158496
0.175759
0.185026
0.125694
0.222773
0.116149
0.13514
0.118191
0.155709
0.12817
0.183212
0.197132
0.199898
0.209794
0.179227
0.162501
0.120774
0.205399
0.138313
0.152981
0.161321
0.131528
0.156124
0.152647
0.216126
0.16975
0.139737
0.183796
0.226026
0.225842
0.127883
0.158548
0.159079
0.189447
0.210417
0.160426
0.122869
0.161135
0.153522
0.157606
0.152388
0.188427
0.165293
0.176897
0.186163
0.179833
0.164573
0.203311
0.188052
0.134928
0.174723
0.195556
0.138915
0.162897
0.170926
0.138942
0.199758
0.207076
0.140415
0.194337
0.157382
0.165971
0.217592
0.170614
0.176345
0.203261
0.155568
0.169427
0.224731
0.141717
0.173684
0.122148
0.170245
0.158873
0.142251
0.173503
0.206142
0.134773
0.144153
0.200522
0.171164
0.188385
0.159207
0.14445
0.142873
0.201916
0.173507
0.144051
0.109246
0.111579
0.167953
0.119664
0.133446
0.231518
0.166458
0.117806
0.194555
0.153384
0.196427
0.196906
0.151766
0.17271
0.172212
0.172324
0.162643
0.150609
0.142046
0.118479
0.152487
0.157143
0.126628
0.176665
0.171937
0.132874
0.189831
0.168668
0.175798
0.161518
0.157255
0.179537
0.221469
0.172835
0.143023
0.184749
0.148052
0.162797
0.21287
0.209702
0.199315
0.144059
0.148578
0.205589
0.155369
0.207672
0.151844
0.121587
0.19123
0.104458
0.140126
0.171177
0.18407
0.134174
0.159127
0.127894
0.188846
0.225433
0.163146
0.135643
0.161012
0.157933
0.209536
0.142498
0.136577
0.164192
0.159919
0.127412
0.125229
0.207811
0.147585
0.147019
0.189678
0.18294
0.166435
0.190775
0.182271
0.127492
0.166967
0.173635
0.125565
0.182502
0.168617
0.125783
0.142532
0.174699
0.22273
0.156013
0.215831
0.168894
0.162884
0.153989
0.169908
0.148418
0.192209
0.156589
0.143876
0.156174
0.194776
0.152193
0.157513
0.174033
0.11819
0.175776
0.140504
0.127736
0.146418
0.158024
0.139245
0.181973
0.169457
0.139661
0.171636
0.180357
0.153799
0.192196
0.149584
0.159613
0.217122
0.186143
0.196228
0.166353
0.201157
0.159233
0.219192
0.179366
0.201036
0.127304
0.149681
0.18858
0.198864
0.178102
0.216175
0.216729
0.175873
0.16764
0.186101
0.155037
0.127808
0.167781
0.13336
0.166933
0.111624
0.149043
0.166205
