epoch batch vali_cost
0 0 1.13036
0 150 0.169955
0 300 0.174198
0 450 0.167477
0 600 0.169116
0 750 0.167263
0 900 0.169718
0 1050 0.167092
0 1200 0.168863
0 1350 0.167423
0 1500 0.167842
0 1650 0.166404
0 1800 0.168093
0 1950 0.166827
0 2100 0.181302
0 2250 0.167644
0 2400 0.166069
0 2550 0.163255
0 2700 0.152761
0 2850 0.11837
0 3000 0.106764
0 3150 0.144393
0 3300 0.0484695
0 3450 0.0898229
0 3600 0.0283323
0 3750 0.0335728
0 3900 0.0309817
0 4050 0.0457031
0 4200 0.0521516
0 4350 0.0316737
0 4500 0.192144
0 4650 0.0268036
0 4800 0.0252442
0 4950 0.027855
1 0 0.0289418
1 150 0.0564935
1 300 0.0398909
1 450 0.0233864
1 600 0.0192905
1 750 0.0193172
1 900 0.022398
1 1050 0.0259721
1 1200 0.0454021
1 1350 0.0576532
1 1500 0.0247573
1 1650 0.020214
1 1800 0.0101881
1 1950 0.0168588
1 2100 0.0100242
1 2250 0.0198857
1 2400 0.00865712
1 2550 0.00831399
1 2700 0.0120892
1 2850 0.00818993
1 3000 0.0235819
1 3150 0.0309112
1 3300 0.0199007
1 3450 0.00683353
1 3600 0.00877326
1 3750 0.00557097
1 3900 0.0141731
1 4050 0.0253756
1 4200 0.00305835
1 4350 0.00854998
1 4500 0.00438174
1 4650 0.0261682
1 4800 0.0238865
1 4950 0.0117233
2 0 0.00907816
2 150 0.00939319
2 300 0.00943064
2 450 0.00307475
2 600 0.00650749
2 750 0.0045147
2 900 0.00950322
2 1050 0.0069839
2 1200 0.0198756
2 1350 0.0025327
2 1500 0.0037495
2 1650 0.0072573
2 1800 0.00846017
2 1950 0.00614236
2 2100 0.0028813
2 2250 0.0073833
2 2400 0.00469517
2 2550 0.00195014
2 2700 0.001904
2 2850 0.00267906
2 3000 0.00221054
2 3150 0.00413584
2 3300 0.00714119
2 3450 0.0173573
2 3600 0.00173754
2 3750 0.0103657
2 3900 0.00484481
2 4050 0.00684236
2 4200 0.00154458
2 4350 0.00790116
2 4500 0.00242624
2 4650 0.00594204
2 4800 0.00394114
2 4950 0.00174153
3 0 0.00905516
3 150 0.00299081
3 300 0.00128926
3 450 0.00147812
3 600 0.00199725
3 750 0.00326766
3 900 0.00224777
3 1050 0.00149727
3 1200 0.00675696
3 1350 0.00117784
3 1500 0.00160852
3 1650 0.00156537
3 1800 0.0035444
3 1950 0.00243397
3 2100 0.00211399
3 2250 0.00410086
3 2400 0.00679649
3 2550 0.0110952
3 2700 0.0037742
3 2850 0.0029291
3 3000 0.002297
3 3150 0.00177027
3 3300 0.00137622
3 3450 0.00105978
3 3600 0.00195744
3 3750 0.00285427
3 3900 0.00488953
3 4050 0.0021577
3 4200 0.00271227
3 4350 0.000946628
3 4500 0.0015031
3 4650 0.00473552
3 4800 0.0127724
3 4950 0.00184261
4 0 0.00436866
4 150 0.00621885
4 300 0.00192209
4 450 0.00322801
4 600 0.00205668
4 750 0.00331357
4 900 0.00778893
4 1050 0.00235188
4 1200 0.00125353
4 1350 0.00485668
4 1500 0.00297249
4 1650 0.000684944
4 1800 0.00281468
4 1950 0.000852134
4 2100 0.0048214
4 2250 0.0019981
4 2400 0.000772489
4 2550 0.00258018
4 2700 0.00170368
4 2850 0.00160272
4 3000 0.000852838
4 3150 0.00316639
4 3300 0.00128293
4 3450 0.0021682
4 3600 0.000701763
4 3750 0.00188573
4 3900 0.000633114
4 4050 0.000584103
4 4200 0.00214252
4 4350 0.00112781
4 4500 0.00115503
4 4650 0.00251507
4 4800 0.00121236
4 4950 0.000659922
5 0 0.00266267
5 150 0.000710791
5 300 0.0018121
5 450 0.0017137
5 600 0.000627623
5 750 0.000752106
5 900 0.000614739
5 1050 0.000537392
5 1200 0.00272644
5 1350 0.000509757
5 1500 0.000757976
5 1650 0.00210156
5 1800 0.00405653
5 1950 0.000731087
5 2100 0.000640429
5 2250 0.00207721
5 2400 0.000513187
5 2550 0.00202862
5 2700 0.00453641
5 2850 0.00158395
5 3000 0.0016379
5 3150 0.00211354
5 3300 0.00228012
5 3450 0.000589254
5 3600 0.00664302
5 3750 0.00233628
5 3900 0.000457874
5 4050 0.00173858
5 4200 0.000514274
5 4350 0.000531266
5 4500 0.000682243
5 4650 0.000513678
5 4800 0.00177771
5 4950 0.000463788
6 0 0.000596019
6 150 0.000653811
6 300 0.000400239
6 450 0.000991998
6 600 0.00403478
6 750 0.000599241
6 900 0.000472738
6 1050 0.00093789
6 1200 0.000341049
6 1350 0.000822357
6 1500 0.000529735
6 1650 0.00142266
6 1800 0.000451688
6 1950 0.000832753
6 2100 0.00152921
6 2250 0.000324855
6 2400 0.000400653
6 2550 0.000579477
6 2700 0.000911889
6 2850 0.000708188
6 3000 0.00161265
6 3150 0.000914944
6 3300 0.00142021
6 3450 0.00130326
6 3600 0.000425053
6 3750 0.000770437
6 3900 0.000442999
6 4050 0.00102398
6 4200 0.000442008
6 4350 0.000636504
6 4500 0.000693379
6 4650 0.00116044
6 4800 0.0013747
6 4950 0.00045178
7 0 0.00107428
7 150 0.000298003
7 300 0.000838488
7 450 0.0013615
7 600 0.00165167
7 750 0.00243941
7 900 0.000551131
7 1050 0.00131646
7 1200 0.000598774
7 1350 0.000713925
7 1500 0.00178633
7 1650 0.00068143
7 1800 0.00178256
7 1950 0.000954727
7 2100 0.000443004
7 2250 0.000349952
7 2400 0.000574437
7 2550 0.000756108
7 2700 0.00277396
7 2850 0.000376238
7 3000 0.00056326
7 3150 0.000756862
7 3300 0.000542997
7 3450 0.000289833
7 3600 0.000471975
7 3750 0.000328315
7 3900 0.000334585
7 4050 0.000586128
7 4200 0.00032803
7 4350 0.00107786
7 4500 0.000427145
7 4650 0.000564202
7 4800 0.00063444
7 4950 0.000641967
8 0 0.00149126
8 150 0.000430783
8 300 0.000906323
8 450 0.000429298
8 600 0.000510887
8 750 0.000531311
8 900 0.00123161
8 1050 0.00210018
8 1200 0.000402032
8 1350 0.000980691
8 1500 0.00159298
8 1650 0.00151018
8 1800 0.000255527
8 1950 0.000205414
8 2100 0.000707439
8 2250 0.000732363
8 2400 0.000809384
8 2550 0.000879533
8 2700 0.000739378
8 2850 0.0011811
8 3000 0.00213808
8 3150 0.00235679
8 3300 0.0012198
8 3450 0.000346695
8 3600 0.00192756
8 3750 0.0013175
8 3900 0.000329819
8 4050 0.000231511
8 4200 0.000919821
8 4350 0.000301553
8 4500 0.000307314
8 4650 0.00017599
8 4800 0.00076152
8 4950 0.000880534
9 0 0.000672826
9 150 0.000566469
9 300 0.000491754
9 450 0.00123335
9 600 0.000535338
9 750 0.00150534
9 900 0.000938332
9 1050 0.000443959
9 1200 0.000407693
9 1350 0.00255047
9 1500 0.000216711
9 1650 0.000300596
9 1800 0.00158691
9 1950 0.000199437
9 2100 0.000318521
9 2250 0.000164005
9 2400 0.000266387
9 2550 0.000238024
9 2700 0.000474939
9 2850 0.000256088
9 3000 0.000611544
9 3150 0.000464625
9 3300 0.000716936
9 3450 0.000307553
9 3600 0.00058274
9 3750 0.000618117
9 3900 0.0008483
9 4050 0.000317724
9 4200 0.000848695
9 4350 0.000532621
9 4500 0.000584331
9 4650 0.000771614
9 4800 0.00144447
9 4950 0.000242083
