epoch batch vali_cost
0 0 1.56804
0 150 0.182174
0 300 0.170663
0 450 0.175121
0 600 0.165906
0 750 0.167205
0 900 0.166213
0 1050 0.16436
0 1200 0.164848
0 1350 0.164733
0 1500 0.167783
0 1650 0.176468
0 1800 0.162991
0 1950 0.162772
0 2100 0.163929
0 2250 0.161954
0 2400 0.163682
0 2550 0.163057
0 2700 0.163666
0 2850 0.160974
0 3000 0.160364
0 3150 0.160751
0 3300 0.159668
0 3450 0.161949
0 3600 0.163719
0 3750 0.160276
0 3900 0.158927
0 4050 0.159243
0 4200 0.160384
0 4350 0.160082
0 4500 0.161708
0 4650 0.156965
0 4800 0.156556
0 4950 0.174527
1 0 0.156479
1 150 0.156427
1 300 0.158442
1 450 0.15829
1 600 0.156309
1 750 0.156873
1 900 0.154326
1 1050 0.153087
1 1200 0.154144
1 1350 0.152045
1 1500 0.151835
1 1650 0.151806
1 1800 0.151809
1 1950 0.150106
1 2100 0.150161
1 2250 0.15325
1 2400 0.148928
1 2550 0.149609
1 2700 0.157456
1 2850 0.152746
1 3000 0.157281
1 3150 0.150206
1 3300 0.145055
1 3450 0.158861
1 3600 0.147206
1 3750 0.150913
1 3900 0.140293
1 4050 0.142701
1 4200 0.137836
1 4350 0.143501
1 4500 0.138689
1 4650 0.133287
1 4800 0.132724
1 4950 0.133596
2 0 0.144574
2 150 0.16331
2 300 0.127022
2 450 0.125444
2 600 0.126479
2 750 0.141391
2 900 0.124626
2 1050 0.11809
2 1200 0.165591
2 1350 0.189183
2 1500 0.113112
2 1650 0.156279
2 1800 0.146345
2 1950 0.110583
2 2100 0.175315
2 2250 0.145121
2 2400 0.109615
2 2550 0.122952
2 2700 0.133964
2 2850 0.121799
2 3000 0.117697
2 3150 0.11676
2 3300 0.120243
2 3450 0.128461
2 3600 0.135161
2 3750 0.137726
2 3900 0.115724
2 4050 0.114508
2 4200 0.114374
2 4350 0.153872
2 4500 0.136307
2 4650 0.182383
2 4800 0.142402
2 4950 0.117413
3 0 0.115045
3 150 0.119222
3 300 0.11333
3 450 0.223766
3 600 0.113772
3 750 0.115041
3 900 0.169735
3 1050 0.134194
3 1200 0.205513
3 1350 0.121664
3 1500 0.116222
3 1650 0.233189
3 1800 0.116272
3 1950 0.117033
3 2100 0.142374
3 2250 0.119275
3 2400 0.152345
3 2550 0.117028
3 2700 0.146556
3 2850 0.145273
3 3000 0.126393
3 3150 0.127879
3 3300 0.117953
3 3450 0.181711
3 3600 0.142261
3 3750 0.11723
3 3900 0.142491
3 4050 0.12943
3 4200 0.135024
3 4350 0.116015
3 4500 0.114468
3 4650 0.152505
3 4800 0.116328
3 4950 0.151458
4 0 0.177239
4 150 0.121108
4 300 0.120004
4 450 0.114755
4 600 0.116767
4 750 0.146952
4 900 0.130662
4 1050 0.123343
4 1200 0.116861
4 1350 0.113466
4 1500 0.11186
4 1650 0.185608
4 1800 0.141944
4 1950 0.115633
4 2100 0.250336
4 2250 0.114415
4 2400 0.154753
4 2550 0.203557
4 2700 0.109509
4 2850 0.107961
4 3000 0.114574
4 3150 0.185344
4 3300 0.0977788
4 3450 0.101589
4 3600 0.0986236
4 3750 0.0997276
4 3900 0.0961695
4 4050 0.104779
4 4200 0.0775186
4 4350 0.0940044
4 4500 0.0712725
4 4650 0.100671
4 4800 0.0710284
4 4950 0.0787678
5 0 0.0660985
5 150 0.0612981
5 300 0.100215
5 450 0.0795387
5 600 0.109706
5 750 0.0797855
5 900 0.102448
5 1050 0.0671906
5 1200 0.176451
5 1350 0.0701555
5 1500 0.172342
5 1650 0.0674622
5 1800 0.0865892
5 1950 0.0815684
5 2100 0.0926253
5 2250 0.136505
5 2400 0.181651
5 2550 0.0897341
5 2700 0.090532
5 2850 0.103462
5 3000 0.167799
5 3150 0.111984
5 3300 0.104243
5 3450 0.0913597
5 3600 0.103003
5 3750 0.17871
5 3900 0.174905
5 4050 0.0933806
5 4200 0.0941207
5 4350 0.105039
5 4500 0.0932505
5 4650 0.0989736
5 4800 0.0949381
5 4950 0.100801
6 0 0.130269
6 150 0.20022
6 300 0.110365
6 450 0.11766
6 600 0.13574
6 750 0.112812
6 900 0.204124
6 1050 0.103876
6 1200 0.147293
6 1350 0.100891
6 1500 0.115272
6 1650 0.0966339
6 1800 0.106895
6 1950 0.106991
6 2100 0.0880603
6 2250 0.193821
6 2400 0.156578
6 2550 0.10644
6 2700 0.0857943
6 2850 0.079598
6 3000 0.0973558
6 3150 0.0778882
6 3300 0.0760886
6 3450 0.0738663
6 3600 0.067731
6 3750 0.0776214
6 3900 0.176555
6 4050 0.0823672
6 4200 0.0619495
6 4350 0.0673843
6 4500 0.111389
6 4650 0.0945172
6 4800 0.272104
6 4950 0.111382
7 0 0.0741608
7 150 0.0683614
7 300 0.0663046
7 450 0.0637862
7 600 0.149639
7 750 0.0780987
7 900 0.090837
7 1050 0.0795883
7 1200 0.0811775
7 1350 0.0723477
7 1500 0.0771388
7 1650 0.304943
7 1800 0.117383
7 1950 0.150611
7 2100 0.0824615
7 2250 0.0915336
7 2400 0.18039
7 2550 0.0852498
7 2700 0.121638
7 2850 0.0971793
7 3000 0.0882455
7 3150 0.0947306
7 3300 0.0837895
7 3450 0.0924992
7 3600 0.0896358
7 3750 0.115393
7 3900 0.0846653
7 4050 0.0868708
7 4200 0.0852798
7 4350 0.0828147
7 4500 0.104145
7 4650 0.0820466
7 4800 0.203657
7 4950 0.081389
8 0 0.0833907
8 150 0.0897227
8 300 0.203128
8 450 0.0859541
8 600 0.0975717
8 750 0.100268
8 900 0.105397
8 1050 0.0986286
8 1200 0.106785
8 1350 0.101886
8 1500 0.155329
8 1650 0.0988931
8 1800 0.102819
8 1950 0.136532
8 2100 0.100334
8 2250 0.120748
8 2400 0.25967
8 2550 0.225817
8 2700 0.102391
8 2850 0.0977337
8 3000 0.0940222
8 3150 0.0922717
8 3300 0.0958181
8 3450 0.108998
8 3600 0.0989581
8 3750 0.099232
8 3900 0.104028
8 4050 0.106888
8 4200 0.153202
8 4350 0.0953364
8 4500 0.0999573
8 4650 0.110921
8 4800 0.0922194
8 4950 0.0908871
9 0 0.310162
9 150 0.116083
9 300 0.103791
9 450 0.123983
9 600 0.21394
9 750 0.108214
9 900 0.117173
9 1050 0.13456
9 1200 0.14046
9 1350 0.184498
9 1500 0.119011
9 1650 0.12044
9 1800 0.119754
9 1950 0.124733
9 2100 0.143443
9 2250 0.120772
9 2400 0.130756
9 2550 0.127481
9 2700 0.124179
9 2850 0.160267
9 3000 0.122313
9 3150 0.121492
9 3300 0.121675
9 3450 0.121023
9 3600 0.144008
9 3750 0.126669
9 3900 0.142179
9 4050 0.212868
9 4200 0.12598
9 4350 0.135122
9 4500 0.128632
9 4650 0.162872
9 4800 0.121796
9 4950 0.126225
